0 0.2333984375 0.38827611093750003 0.2275390625 0.3934878703125 0.2236328125 0.38827611093750003 0.2158203125 0.3856702296875 0.2109375 0.3921849296875 0.2119140625 0.40912315 0.2158203125 0.41172902968749997 0.2255859375 0.40912315 0.2314453125 0.41433490937500006 0.236328125 0.4130319703125 0.244140625 0.40260844999999995 0.244140625 0.397396690625 0.2373046875 0.38827611093750003 0.2333984375 0.38827611093750003
0 0.259765625 0.40521432968750004 0.2548828125 0.3934878703125 0.2490234375 0.3934878703125 0.2421875 0.40000257031249997 0.240234375 0.40521432968750004 0.2421875 0.41042608906250005 0.23828125 0.4182437296875 0.23828125 0.433879009375 0.2451171875 0.44299958906250003 0.25 0.4416966484375 0.255859375 0.4312731296875 0.255859375 0.4182437296875 0.259765625 0.41042608906250005 0.259765625 0.40521432968750004
0 0.2314453125 0.4195466703125 0.2265625 0.42606136875 0.2265625 0.433879009375 0.2294921875 0.4377878296875 0.23828125 0.4364848890625 0.240234375 0.433879009375 0.240234375 0.42345548906249997 0.2373046875 0.4195466703125 0.2314453125 0.4195466703125
0 0.2138671875 0.40912315 0.2119140625 0.40651727031249996 0.203125 0.41563785 0.203125 0.4364848890625 0.2080078125 0.44299958906250003 0.21484375 0.4416966484375 0.22265625 0.42866725 0.22265625 0.4182437296875 0.2177734375 0.40912315 0.2138671875 0.40912315
0 0.2265625 0.45993780781250004 0.224609375 0.4495142890625 0.2197265625 0.44299958906250003 0.2138671875 0.44299958906250003 0.20703125 0.45212016874999994 0.20703125 0.47296720781249996 0.2099609375 0.47687602812499996 0.21484375 0.47557308750000005 0.2197265625 0.4742701484375 0.224609375 0.46775544843750005 0.224609375 0.4625436875 0.2265625 0.45993780781250004
0 0.2353515625 0.44299958906250003 0.2333984375 0.440393709375 0.2294921875 0.440393709375 0.224609375 0.4469084078125 0.224609375 0.45472604843750003 0.2265625 0.457331928125 0.224609375 0.45993780781250004 0.224609375 0.470361328125 0.2275390625 0.47687602812499996 0.2314453125 0.4794819078125 0.236328125 0.47817896718749997 0.25390625 0.457331928125 0.25390625 0.4495142890625 0.2490234375 0.44299958906250003 0.2353515625 0.44299958906250003
0 0.2607421875 0.44299958906250003 0.2568359375 0.44299958906250003 0.251953125 0.4495142890625 0.251953125 0.457331928125 0.255859375 0.46514956874999996 0.255859375 0.47296720781249996 0.2587890625 0.47687602812499996 0.265625 0.47557308750000005 0.275390625 0.45993780781250004 0.275390625 0.45212016874999994 0.2626953125 0.440393709375 0.2607421875 0.44299958906250003
0 0.4775390625 0.41172902968749997 0.4716796875 0.41172902968749997 0.46484375 0.4182437296875 0.4609375 0.4312731296875 0.4609375 0.43909076875 0.4658203125 0.44299958906250003 0.478515625 0.44430252968749995 0.482421875 0.4364848890625 0.48046875 0.4312731296875 0.48046875 0.41563785 0.4775390625 0.41172902968749997
0 0.4912109375 0.427364309375 0.48046875 0.43909076875 0.48046875 0.44430252968749995 0.4873046875 0.45081722968750004 0.4931640625 0.46124074843749996 0.5 0.45993780781250004 0.501953125 0.457331928125 0.50390625 0.433879009375 0.4990234375 0.427364309375 0.4912109375 0.427364309375
0 0.490234375 0.45993780781250004 0.482421875 0.4469084078125 0.4794921875 0.4377878296875 0.4716796875 0.4377878296875 0.4697265625 0.4351819484375 0.4609375 0.457331928125 0.4609375 0.46514956874999996 0.4677734375 0.4820877875 0.474609375 0.48078484843749997 0.4755859375 0.47687602812499996 0.4853515625 0.4742701484375 0.490234375 0.46775544843750005 0.490234375 0.45993780781250004
0 0.7470703125 0.390881990625 0.7412109375 0.390881990625 0.73828125 0.394790809375 0.73828125 0.40260844999999995 0.732421875 0.4130319703125 0.732421875 0.420849609375 0.7392578125 0.427364309375 0.7421875 0.42606136875 0.7529296875 0.4247584296875 0.755859375 0.4182437296875 0.75390625 0.40260844999999995 0.7470703125 0.390881990625
0 0.732421875 0.420849609375 0.7177734375 0.40651727031249996 0.7119140625 0.40651727031249996 0.70703125 0.4130319703125 0.708984375 0.420849609375 0.71484375 0.42866725 0.7109375 0.4364848890625 0.7109375 0.4495142890625 0.7158203125 0.4560289875 0.724609375 0.45472604843750003 0.7265625 0.45212016874999994 0.7265625 0.433879009375 0.73046875 0.4312731296875 0.732421875 0.420849609375
0 0.75390625 0.45212016874999994 0.751953125 0.4416966484375 0.7451171875 0.4299701890625 0.7353515625 0.427364309375 0.73046875 0.4364848890625 0.732421875 0.44430252968749995 0.73828125 0.45212016874999994 0.7431640625 0.46384662812500005 0.7490234375 0.46124074843749996 0.75 0.46775544843750005 0.75390625 0.46775544843750005 0.755859375 0.46514956874999996 0.751953125 0.45993780781250004 0.751953125 0.45472604843750003 0.75390625 0.45212016874999994
0 0.7236328125 0.4560289875 0.720703125 0.46514956874999996 0.724609375 0.470361328125 0.724609375 0.4886024875 0.7314453125 0.4951171875 0.73828125 0.493814246875 0.740234375 0.4886024875 0.7421875 0.4625436875 0.7392578125 0.45863486875000004 0.7236328125 0.4560289875
0 0.7548828125 0.46124074843749996 0.7490234375 0.46124074843749996 0.744140625 0.46514956874999996 0.744140625 0.470361328125 0.740234375 0.47817896718749997 0.740234375 0.4859966078125 0.73828125 0.4886024875 0.7412109375 0.4977230671875 0.75 0.496420128125 0.751953125 0.493814246875 0.751953125 0.4859966078125 0.76171875 0.47557308750000005 0.7548828125 0.46124074843749996