0 0.310546875 0.285343853125 0.30859375 0.2775262125 0.2978515625 0.2684056328125 0.2900390625 0.2684056328125 0.2861328125 0.2710115125 0.28125 0.259285053125 0.2705078125 0.24755859375 0.2568359375 0.24755859375 0.25 0.259285053125 0.25 0.2749203328125 0.251953125 0.2775262125 0.251953125 0.2827379734375 0.263671875 0.29837325312499996 0.263671875 0.3009791328125 0.2685546875 0.304887953125 0.2744140625 0.304887953125 0.2861328125 0.3127055921875 0.296875 0.3114026515625 0.2998046875 0.3100997125 0.30859375 0.295767371875 0.30859375 0.28794973281249997 0.310546875 0.285343853125
0 0.265625 0.33746145156249996 0.265625 0.3322496921875 0.267578125 0.32964381249999997 0.267578125 0.3140085328125 0.265625 0.3114026515625 0.263671875 0.29837325312499996 0.2587890625 0.29185855312500003 0.2451171875 0.29185855312500003 0.2314453125 0.304887953125 0.2265625 0.295767371875 0.2265625 0.2905556125 0.2177734375 0.278829153125 0.2119140625 0.278829153125 0.2041015625 0.28404091249999996 0.19921875 0.2905556125 0.19921875 0.3244320515625 0.193359375 0.32964381249999997 0.193359375 0.34006733125 0.185546875 0.3504908515625 0.185546875 0.358308490625 0.18359375 0.3609143703125 0.185546875 0.37654964999999996 0.1943359375 0.3856702296875 0.2060546875 0.3804584703125 0.212890625 0.371337890625 0.21484375 0.36612613125000004 0.21484375 0.3504908515625 0.2216796875 0.3413702703125 0.224609375 0.3452790921875 0.224609375 0.36612613125000004 0.2265625 0.36873201093749997 0.2265625 0.37394377031250003 0.2353515625 0.38306435 0.248046875 0.384367290625 0.2529296875 0.38306435 0.2578125 0.37394377031250003 0.255859375 0.3478849703125 0.265625 0.33746145156249996
0 0.3046875 0.3609143703125 0.310546875 0.3452790921875 0.310546875 0.3244320515625 0.3056640625 0.3179173515625 0.3017578125 0.31531147187499997 0.2841796875 0.31531147187499997 0.267578125 0.33485557187500004 0.26171875 0.3504908515625 0.263671875 0.36352025 0.2724609375 0.3726408296875 0.27734375 0.371337890625 0.2802734375 0.3674290703125 0.2841796875 0.37003495000000003 0.2939453125 0.37003495000000003 0.3046875 0.3609143703125
0 0.341796875 0.3609143703125 0.341796875 0.3478849703125 0.34375 0.34267321093750003 0.3369140625 0.32052323125000004 0.3291015625 0.32052323125000004 0.3212890625 0.3257349921875 0.310546875 0.34006733125 0.30859375 0.3557026109375 0.3046875 0.3609143703125 0.3046875 0.36612613125000004 0.302734375 0.36873201093749997 0.302734375 0.3921849296875 0.3046875 0.397396690625 0.3095703125 0.4039113890625 0.3203125 0.40260844999999995 0.326171875 0.3921849296875 0.326171875 0.3791555296875 0.3388671875 0.3674290703125 0.341796875 0.3609143703125
0 0.306640625 0.4130319703125 0.294921875 0.40000257031249997 0.296875 0.394790809375 0.296875 0.3791555296875 0.2880859375 0.37003495000000003 0.2802734375 0.37003495000000003 0.267578125 0.384367290625 0.265625 0.41042608906250005 0.275390625 0.4416966484375 0.2822265625 0.45081722968750004 0.298828125 0.4495142890625 0.310546875 0.4364848890625 0.310546875 0.42606136875 0.306640625 0.4182437296875 0.306640625 0.4130319703125
0 0.228515625 0.42345548906249997 0.234375 0.40521432968750004 0.234375 0.38957905 0.232421875 0.384367290625 0.2216796875 0.3726408296875 0.2138671875 0.3726408296875 0.208984375 0.37654964999999996 0.205078125 0.3869731703125 0.205078125 0.40521432968750004 0.1962890625 0.40912315 0.189453125 0.42345548906249997 0.189453125 0.43909076875 0.19140625 0.44430252968749995 0.2001953125 0.4560289875 0.2041015625 0.45863486875000004 0.208984375 0.457331928125 0.21484375 0.45472604843750003 0.21875 0.4416966484375 0.228515625 0.42866725 0.228515625 0.42345548906249997
0 0.279296875 0.4495142890625 0.2705078125 0.440393709375 0.2568359375 0.440393709375 0.2509765625 0.42215255 0.2412109375 0.4169407890625 0.2353515625 0.4195466703125 0.2265625 0.433879009375 0.2265625 0.4469084078125 0.232421875 0.45993780781250004 0.232421875 0.46514956874999996 0.2490234375 0.47687602812499996 0.2607421875 0.489905428125 0.26953125 0.4886024875 0.2744140625 0.487299546875 0.28125 0.47296720781249996 0.28125 0.45472604843750003 0.279296875 0.4495142890625
0 0.4765625 0.3244320515625 0.486328125 0.3140085328125 0.486328125 0.3061908921875 0.48828125 0.30358501250000003 0.482421875 0.2827379734375 0.4736328125 0.2684056328125 0.4638671875 0.2684056328125 0.4599609375 0.2710115125 0.451171875 0.285343853125 0.451171875 0.2905556125 0.44921875 0.2931614921875 0.44921875 0.3114026515625 0.4345703125 0.31531147187499997 0.427734375 0.32964381249999997 0.427734375 0.34267321093750003 0.4296875 0.3478849703125 0.4384765625 0.3570055515625 0.46875 0.3557026109375 0.470703125 0.35309673125 0.470703125 0.3478849703125 0.474609375 0.34267321093750003 0.4765625 0.3244320515625
0 0.55859375 0.295767371875 0.556640625 0.2905556125 0.5517578125 0.28404091249999996 0.5439453125 0.278829153125 0.5341796875 0.278829153125 0.5244140625 0.2866467921875 0.51953125 0.2775262125 0.5126953125 0.2710115125 0.5087890625 0.2710115125 0.5068359375 0.2684056328125 0.4990234375 0.2684056328125 0.4951171875 0.2710115125 0.490234375 0.2775262125 0.486328125 0.28794973281249997 0.48828125 0.3009791328125 0.5009765625 0.31531147187499997 0.5107421875 0.3179173515625 0.5224609375 0.3257349921875 0.529296875 0.3244320515625 0.5478515625 0.3231291125 0.5517578125 0.32052323125000004 0.55859375 0.308796771875 0.55859375 0.295767371875
0 0.580078125 0.3557026109375 0.580078125 0.33485557187500004 0.5732421875 0.31531147187499997 0.5693359375 0.3127055921875 0.5615234375 0.3127055921875 0.55078125 0.3244320515625 0.544921875 0.33746145156249996 0.544921875 0.37654964999999996 0.5517578125 0.3934878703125 0.5556640625 0.3934878703125 0.5576171875 0.39609375 0.568359375 0.394790809375 0.572265625 0.38957905 0.572265625 0.37654964999999996 0.5703125 0.371337890625 0.580078125 0.3557026109375
0 0.533203125 0.36352025 0.53515625 0.3609143703125 0.533203125 0.358308490625 0.533203125 0.3504908515625 0.5263671875 0.3387643921875 0.5185546875 0.33355263125 0.5126953125 0.33355263125 0.4931640625 0.3491879109375 0.482421875 0.36352025 0.482421875 0.36612613125000004 0.486328125 0.36873201093749997 0.48828125 0.3817614109375 0.4931640625 0.38827611093750003 0.501953125 0.3869731703125 0.5048828125 0.38306435 0.5224609375 0.3856702296875 0.533203125 0.37394377031250003 0.533203125 0.36352025
0 0.46484375 0.40260844999999995 0.46484375 0.3791555296875 0.4609375 0.36612613125000004 0.4541015625 0.35961143125 0.4462890625 0.35961143125 0.4384765625 0.364823190625 0.431640625 0.37394377031250003 0.4296875 0.3791555296875 0.4296875 0.38957905 0.42578125 0.40000257031249997 0.42578125 0.40782020937499996 0.427734375 0.41042608906250005 0.42578125 0.4130319703125 0.427734375 0.41563785 0.427734375 0.433879009375 0.4296875 0.43909076875 0.4384765625 0.44560546875 0.44921875 0.44430252968749995 0.453125 0.4312731296875 0.451171875 0.4182437296875 0.4599609375 0.41172902968749997 0.46484375 0.40260844999999995
0 0.498046875 0.4886024875 0.4912109375 0.4820877875 0.486328125 0.47557308750000005 0.484375 0.46775544843750005 0.4677734375 0.4482113484375 0.4638671875 0.44560546875 0.4501953125 0.44560546875 0.439453125 0.4625436875 0.439453125 0.47817896718749997 0.4521484375 0.4925113078125 0.4619140625 0.4925113078125 0.4677734375 0.5003289468750001 0.474609375 0.4990260078125 0.4833984375 0.4977230671875 0.4853515625 0.4951171875 0.4951171875 0.4951171875 0.498046875 0.4886024875
0 0.5234375 0.4416966484375 0.529296875 0.42866725 0.53125 0.4130319703125 0.529296875 0.41042608906250005 0.529296875 0.40521432968750004 0.5244140625 0.3986996296875 0.5205078125 0.39609375 0.5068359375 0.39609375 0.4990234375 0.40130550937500004 0.4912109375 0.41433490937500006 0.4853515625 0.41433490937500006 0.478515625 0.420849609375 0.478515625 0.42606136875 0.4765625 0.42866725 0.478515625 0.4416966484375 0.4853515625 0.4482113484375 0.4892578125 0.4482113484375 0.494140625 0.45472604843750003 0.49609375 0.45993780781250004 0.494140625 0.4625436875 0.494140625 0.47557308750000005 0.4990234375 0.48469366718750007 0.5068359375 0.489905428125 0.533203125 0.4886024875 0.53515625 0.4859966078125 0.53515625 0.46514956874999996 0.53125 0.45212016874999994 0.5234375 0.4416966484375
0 0.568359375 0.46514956874999996 0.564453125 0.45212016874999994 0.5673828125 0.4482113484375 0.5771484375 0.44560546875 0.5859375 0.4312731296875 0.5859375 0.41042608906250005 0.5791015625 0.3986996296875 0.5751953125 0.3986996296875 0.5732421875 0.39609375 0.5673828125 0.39609375 0.5556640625 0.4039113890625 0.5478515625 0.40130550937500004 0.5458984375 0.4039113890625 0.5419921875 0.4039113890625 0.537109375 0.41042608906250005 0.537109375 0.42606136875 0.5390625 0.4312731296875 0.53515625 0.43909076875 0.53515625 0.44430252968749995 0.537109375 0.4469084078125 0.53515625 0.47296720781249996 0.5419921875 0.48469366718750007 0.5458984375 0.487299546875 0.5546875 0.4859966078125 0.5595703125 0.48469366718750007 0.56640625 0.47557308750000005 0.56640625 0.46775544843750005 0.568359375 0.46514956874999996
0 0.734375 0.2905556125 0.732421875 0.272314453125 0.7255859375 0.2631938734375 0.7216796875 0.2631938734375 0.7197265625 0.26058799375 0.7158203125 0.26058799375 0.7080078125 0.265799753125 0.69921875 0.2775262125 0.69921875 0.295767371875 0.701171875 0.29837325312499996 0.701171875 0.30358501250000003 0.6943359375 0.3074938328125 0.6875 0.3192202921875 0.6875 0.32703793124999997 0.6923828125 0.33355263125 0.7001953125 0.3387643921875 0.712890625 0.33746145156249996 0.728515625 0.3166144125 0.732421875 0.30358501250000003 0.732421875 0.2931614921875 0.734375 0.2905556125
0 0.7587890625 0.3726408296875 0.76171875 0.36873201093749997 0.76171875 0.3609143703125 0.7666015625 0.351793790625 0.7705078125 0.351793790625 0.7724609375 0.35439967031249997 0.7841796875 0.35439967031249997 0.7880859375 0.351793790625 0.79296875 0.34267321093750003 0.794921875 0.3244320515625 0.7822265625 0.3100997125 0.7744140625 0.3100997125 0.7705078125 0.3127055921875 0.767578125 0.308796771875 0.767578125 0.30358501250000003 0.7568359375 0.29185855312500003 0.7490234375 0.28925267187500003 0.7392578125 0.2944644328125 0.73046875 0.3061908921875 0.73046875 0.3114026515625 0.728515625 0.3140085328125 0.734375 0.32964381249999997 0.7216796875 0.33094675156250003 0.7138671875 0.3361585125 0.703125 0.35309673125 0.703125 0.36352025 0.7099609375 0.3752467109375 0.7236328125 0.3856702296875 0.736328125 0.384367290625 0.7392578125 0.38306435 0.7470703125 0.37003495000000003 0.7509765625 0.3726408296875 0.7587890625 0.3726408296875
0 0.701171875 0.36612613125000004 0.697265625 0.3557026109375 0.6884765625 0.3439761515625 0.6826171875 0.3439761515625 0.6787109375 0.34658203125 0.671875 0.358308490625 0.673828125 0.37654964999999996 0.677734375 0.384367290625 0.673828125 0.3921849296875 0.673828125 0.40521432968750004 0.6796875 0.4182437296875 0.6826171875 0.42215255 0.6875 0.42345548906249997 0.6953125 0.4182437296875 0.703125 0.394790809375 0.701171875 0.3921849296875 0.701171875 0.36612613125000004
0 0.755859375 0.4469084078125 0.74609375 0.4364848890625 0.74609375 0.4312731296875 0.736328125 0.420849609375 0.736328125 0.40260844999999995 0.734375 0.397396690625 0.7236328125 0.3856702296875 0.7119140625 0.3856702296875 0.70703125 0.3921849296875 0.70703125 0.397396690625 0.705078125 0.40000257031249997 0.70703125 0.41042608906250005 0.6982421875 0.4169407890625 0.69140625 0.42606136875 0.689453125 0.4416966484375 0.697265625 0.45993780781250004 0.7021484375 0.46645250781250003 0.7060546875 0.46905838749999995 0.7158203125 0.46905838749999995 0.7216796875 0.46384662812500005 0.724609375 0.470361328125 0.7265625 0.483390728125 0.7373046875 0.4977230671875 0.7412109375 0.4977230671875 0.7431640625 0.5003289468750001 0.75 0.4990260078125 0.755859375 0.4912083671875 0.759765625 0.47817896718749997 0.759765625 0.457331928125 0.755859375 0.4469084078125
0 0.810546875 0.4495142890625 0.810546875 0.44430252968749995 0.8203125 0.4312731296875 0.822265625 0.4182437296875 0.8154296875 0.40912315 0.8115234375 0.40912315 0.8095703125 0.40651727031249996 0.7939453125 0.40651727031249996 0.794921875 0.38957905 0.791015625 0.37654964999999996 0.7802734375 0.364823190625 0.7685546875 0.3674290703125 0.755859375 0.3817614109375 0.75390625 0.40000257031249997 0.7578125 0.40782020937499996 0.75 0.4182437296875 0.75 0.42345548906249997 0.748046875 0.42606136875 0.75 0.43909076875 0.751953125 0.44430252968749995 0.7587890625 0.45081722968750004 0.7666015625 0.45081722968750004 0.7724609375 0.44560546875 0.7763671875 0.44560546875 0.779296875 0.45212016874999994 0.779296875 0.470361328125 0.78125 0.47296720781249996 0.78125 0.47817896718749997 0.7919921875 0.487299546875 0.802734375 0.4859966078125 0.8056640625 0.48469366718750007 0.814453125 0.470361328125 0.814453125 0.45472604843750003 0.810546875 0.4495142890625