0 0.2919921875 0.3622173109375 0.279296875 0.37654964999999996 0.279296875 0.3817614109375 0.2841796875 0.3856702296875 0.2919921875 0.3986996296875 0.298828125 0.40000257031249997 0.3046875 0.394790809375 0.302734375 0.36873201093749997 0.2978515625 0.3622173109375 0.2919921875 0.3622173109375
0 0.279296875 0.384367290625 0.279296875 0.37654964999999996 0.2646484375 0.35961143125 0.2587890625 0.35961143125 0.2548828125 0.364823190625 0.2470703125 0.3570055515625 0.2421875 0.36352025 0.2421875 0.36873201093749997 0.2490234375 0.3752467109375 0.2509765625 0.3726408296875 0.25390625 0.37654964999999996 0.25390625 0.3817614109375 0.248046875 0.3869731703125 0.248046875 0.397396690625 0.2509765625 0.40130550937500004 0.2578125 0.40260844999999995 0.2607421875 0.40130550937500004 0.2666015625 0.390881990625 0.2763671875 0.390881990625 0.279296875 0.384367290625
0 0.25390625 0.36352025 0.2490234375 0.3570055515625 0.2451171875 0.3570055515625 0.2421875 0.36352025 0.234375 0.371337890625 0.234375 0.3817614109375 0.2412109375 0.3856702296875 0.248046875 0.384367290625 0.25 0.3817614109375 0.25 0.37394377031250003 0.25390625 0.36873201093749997 0.25390625 0.36352025
0 0.24609375 0.397396690625 0.2412109375 0.390881990625 0.2294921875 0.390881990625 0.2216796875 0.40130550937500004 0.2158203125 0.40130550937500004 0.21484375 0.397396690625 0.220703125 0.3921849296875 0.21875 0.38957905 0.21875 0.3817614109375 0.2119140625 0.3804584703125 0.203125 0.38957905 0.203125 0.40260844999999995 0.20703125 0.40521432968750004 0.208984375 0.4182437296875 0.2177734375 0.4247584296875 0.2236328125 0.43257606875 0.232421875 0.4312731296875 0.23828125 0.420849609375 0.236328125 0.41563785 0.244140625 0.40782020937499996 0.24609375 0.397396690625
0 0.23046875 0.457331928125 0.228515625 0.45993780781250004 0.228515625 0.46514956874999996 0.2333984375 0.4742701484375 0.2421875 0.47296720781249996 0.25 0.4495142890625 0.2314453125 0.4377878296875 0.224609375 0.4469084078125 0.23046875 0.457331928125
0 0.2587890625 0.4482113484375 0.2626953125 0.4482113484375 0.26953125 0.4416966484375 0.271484375 0.42866725 0.2763671875 0.4247584296875 0.2802734375 0.4299701890625 0.2841796875 0.4299701890625 0.2900390625 0.440393709375 0.2958984375 0.440393709375 0.30078125 0.433879009375 0.30078125 0.42866725 0.298828125 0.42606136875 0.298828125 0.40782020937499996 0.2958984375 0.4039113890625 0.2880859375 0.4039113890625 0.2744140625 0.4195466703125 0.2666015625 0.4195466703125 0.2646484375 0.42215255 0.2626953125 0.4195466703125 0.2529296875 0.4169407890625 0.2490234375 0.4247584296875 0.2412109375 0.4169407890625 0.234375 0.42345548906249997 0.232421875 0.42866725 0.232421875 0.43909076875 0.2265625 0.44430252968749995 0.2265625 0.45212016874999994 0.232421875 0.45212016874999994 0.2333984375 0.44299958906250003 0.2412109375 0.44299958906250003 0.2490234375 0.4351819484375 0.2587890625 0.4482113484375
0 0.2490234375 0.40130550937500004 0.2421875 0.40782020937499996 0.2421875 0.4182437296875 0.2470703125 0.4247584296875 0.25390625 0.42345548906249997 0.259765625 0.4182437296875 0.259765625 0.40782020937499996 0.2529296875 0.40130550937500004 0.2490234375 0.40130550937500004
0 0.2763671875 0.390881990625 0.2685546875 0.3986996296875 0.2626953125 0.3986996296875 0.259765625 0.40260844999999995 0.259765625 0.41042608906250005 0.2685546875 0.42215255 0.2705078125 0.4195466703125 0.2724609375 0.42215255 0.27734375 0.420849609375 0.287109375 0.40260844999999995 0.28515625 0.394790809375 0.2802734375 0.390881990625 0.2763671875 0.390881990625
0 0.4833984375 0.3622173109375 0.4755859375 0.364823190625 0.47265625 0.36873201093749997 0.474609375 0.3817614109375 0.470703125 0.38957905 0.470703125 0.394790809375 0.4755859375 0.40130550937500004 0.494140625 0.40000257031249997 0.498046875 0.3869731703125 0.48828125 0.37394377031250003 0.48828125 0.36873201093749997 0.4833984375 0.3622173109375
0 0.5107421875 0.364823190625 0.505859375 0.3478849703125 0.4990234375 0.3439761515625 0.4921875 0.3504908515625 0.4921875 0.3609143703125 0.494140625 0.36352025 0.494140625 0.36873201093749997 0.498046875 0.37394377031250003 0.498046875 0.384367290625 0.5029296875 0.390881990625 0.5078125 0.3921849296875 0.5126953125 0.390881990625 0.5234375 0.37394377031250003 0.5185546875 0.364823190625 0.5107421875 0.364823190625
0 0.537109375 0.3791555296875 0.5341796875 0.3752467109375 0.5224609375 0.3752467109375 0.5146484375 0.38827611093750003 0.515625 0.3817614109375 0.5087890625 0.37003495000000003 0.501953125 0.3791555296875 0.5078125 0.3817614109375 0.5068359375 0.3856702296875 0.501953125 0.3869731703125 0.50390625 0.38957905 0.501953125 0.40521432968750004 0.5068359375 0.41172902968749997 0.5126953125 0.41172902968749997 0.5205078125 0.42215255 0.529296875 0.420849609375 0.533203125 0.4130319703125 0.533203125 0.40000257031249997 0.5390625 0.384367290625 0.537109375 0.3791555296875
0 0.5087890625 0.427364309375 0.51171875 0.42345548906249997 0.51171875 0.4182437296875 0.4970703125 0.40130550937500004 0.4912109375 0.40130550937500004 0.486328125 0.4130319703125 0.4814453125 0.41433490937500006 0.4765625 0.420849609375 0.4765625 0.42866725 0.4814453125 0.4351819484375 0.484375 0.433879009375 0.4892578125 0.43257606875 0.4951171875 0.4247584296875 0.5009765625 0.4299701890625 0.5087890625 0.427364309375
0 0.48828125 0.43909076875 0.48828125 0.4469084078125 0.4931640625 0.4534231078125 0.5029296875 0.4534231078125 0.5048828125 0.4560289875 0.513671875 0.45472604843750003 0.517578125 0.4469084078125 0.5107421875 0.4351819484375 0.4970703125 0.4299701890625 0.48828125 0.43909076875
0 0.53515625 0.42866725 0.5283203125 0.42215255 0.521484375 0.42606136875 0.51953125 0.4312731296875 0.51953125 0.4416966484375 0.517578125 0.44430252968749995 0.517578125 0.45212016874999994 0.5205078125 0.4560289875 0.525390625 0.457331928125 0.5322265625 0.4534231078125 0.537109375 0.4469084078125 0.537109375 0.433879009375 0.53515625 0.42866725
0 0.765625 0.371337890625 0.7607421875 0.364823190625 0.7568359375 0.364823190625 0.751953125 0.371337890625 0.7509765625 0.377852590625 0.7412109375 0.377852590625 0.736328125 0.3817614109375 0.734375 0.3869731703125 0.7353515625 0.3986996296875 0.7431640625 0.40130550937500004 0.7509765625 0.39609375 0.7587890625 0.4039113890625 0.76171875 0.40260844999999995 0.765625 0.397396690625 0.765625 0.38957905 0.763671875 0.3869731703125 0.765625 0.371337890625
0 0.791015625 0.371337890625 0.791015625 0.358308490625 0.7880859375 0.35439967031249997 0.7822265625 0.35439967031249997 0.7724609375 0.37003495000000003 0.7646484375 0.37003495000000003 0.7587890625 0.364823190625 0.75390625 0.36873201093749997 0.751953125 0.37654964999999996 0.7587890625 0.38306435 0.7666015625 0.3856702296875 0.767578125 0.3921849296875 0.7705078125 0.39609375 0.779296875 0.394790809375 0.78125 0.3921849296875 0.78125 0.384367290625 0.7841796875 0.38306435 0.791015625 0.371337890625
0 0.806640625 0.394790809375 0.8037109375 0.38827611093750003 0.7978515625 0.3856702296875 0.7861328125 0.3934878703125 0.7783203125 0.3934878703125 0.771484375 0.40000257031249997 0.771484375 0.40782020937499996 0.775390625 0.41042608906250005 0.7763671875 0.4195466703125 0.7802734375 0.42215255 0.7890625 0.420849609375 0.7939453125 0.4169407890625 0.7978515625 0.4169407890625 0.806640625 0.40260844999999995 0.806640625 0.394790809375
0 0.74609375 0.40521432968750004 0.7392578125 0.3986996296875 0.7333984375 0.3986996296875 0.728515625 0.40521432968750004 0.728515625 0.42866725 0.7333984375 0.4351819484375 0.736328125 0.433879009375 0.7490234375 0.43257606875 0.75390625 0.42606136875 0.75390625 0.4182437296875 0.74609375 0.40521432968750004
0 0.7666015625 0.3986996296875 0.755859375 0.41563785 0.755859375 0.42606136875 0.7607421875 0.43257606875 0.765625 0.433879009375 0.77734375 0.420849609375 0.7734375 0.40521432968750004 0.7685546875 0.3986996296875 0.7666015625 0.3986996296875
0 0.7333984375 0.4351819484375 0.73046875 0.43909076875 0.73046875 0.4495142890625 0.7431640625 0.46905838749999995 0.74609375 0.46775544843750005 0.7578125 0.4495142890625 0.7578125 0.4416966484375 0.7529296875 0.4351819484375 0.7333984375 0.4351819484375
0 0.7841796875 0.427364309375 0.7783203125 0.4247584296875 0.7724609375 0.4351819484375 0.7646484375 0.43257606875 0.7578125 0.4416966484375 0.7587890625 0.4534231078125 0.7626953125 0.4560289875 0.7724609375 0.4534231078125 0.7802734375 0.46124074843749996 0.783203125 0.45993780781250004 0.7861328125 0.45863486875000004 0.7890625 0.45212016874999994 0.78515625 0.43909076875 0.7841796875 0.427364309375