0 0.2158203125 0.45863486875000004 0.2109375 0.46514956874999996 0.208984375 0.48078484843749997 0.2216796875 0.5003289468750001 0.23046875 0.4990260078125 0.234375 0.4912083671875 0.234375 0.47817896718749997 0.2216796875 0.45863486875000004 0.2158203125 0.45863486875000004
0 0.2470703125 0.45863486875000004 0.2412109375 0.45863486875000004 0.234375 0.470361328125 0.236328125 0.493814246875 0.24609375 0.493814246875 0.25 0.4886024875 0.248046875 0.483390728125 0.25 0.4625436875 0.2470703125 0.45863486875000004
0 0.265625 0.45993780781250004 0.2646484375 0.45081722968750004 0.2568359375 0.45081722968750004 0.251953125 0.457331928125 0.251953125 0.46514956874999996 0.25390625 0.46775544843750005 0.25390625 0.4859966078125 0.259765625 0.4859966078125 0.2685546875 0.4820877875 0.271484375 0.47557308750000005 0.271484375 0.46775544843750005 0.265625 0.45993780781250004
0 0.248046875 0.5302965671875 0.248046875 0.52508480625 0.244140625 0.5172671671875 0.248046875 0.5094495265625001 0.248046875 0.5042377671875 0.2451171875 0.4977230671875 0.2373046875 0.4977230671875 0.232421875 0.5042377671875 0.23046875 0.5224789265625 0.22265625 0.5355083265625 0.2275390625 0.54462890625 0.232421875 0.5433259671874999 0.2353515625 0.5420230265625 0.2392578125 0.5342053875 0.2451171875 0.5342053875 0.248046875 0.5302965671875
0 0.26171875 0.4990260078125 0.2548828125 0.4925113078125 0.25 0.496420128125 0.25 0.5172671671875 0.248046875 0.519873046875 0.248046875 0.5276906875 0.26171875 0.5276906875 0.265625 0.5224789265625 0.265625 0.5146612875 0.26171875 0.5068436468749999 0.26171875 0.4990260078125
0 0.4833984375 0.4169407890625 0.4794921875 0.41172902968749997 0.4736328125 0.41172902968749997 0.470703125 0.41563785 0.466796875 0.4312731296875 0.4716796875 0.440393709375 0.4794921875 0.440393709375 0.4814453125 0.4377878296875 0.4853515625 0.44299958906250003 0.494140625 0.4416966484375 0.498046875 0.4364848890625 0.498046875 0.42866725 0.4912109375 0.4169407890625 0.4833984375 0.4169407890625
0 0.48828125 0.4469084078125 0.4833984375 0.440393709375 0.4794921875 0.440393709375 0.4775390625 0.4377878296875 0.46875 0.44430252968749995 0.46875 0.45993780781250004 0.466796875 0.4625436875 0.466796875 0.46775544843750005 0.4716796875 0.4742701484375 0.4765625 0.47557308750000005 0.484375 0.46775544843750005 0.484375 0.457331928125 0.48828125 0.45212016874999994 0.48828125 0.4469084078125
0 0.5126953125 0.427364309375 0.51171875 0.41563785 0.5068359375 0.40912315 0.4990234375 0.41172902968749997 0.498046875 0.42345548906249997 0.501953125 0.42866725 0.501953125 0.44430252968749995 0.5107421875 0.4534231078125 0.525390625 0.45212016874999994 0.52734375 0.4495142890625 0.52734375 0.4364848890625 0.5205078125 0.427364309375 0.5126953125 0.427364309375
0 0.51953125 0.46775544843750005 0.5126953125 0.4534231078125 0.5068359375 0.4534231078125 0.5029296875 0.44560546875 0.4951171875 0.44560546875 0.4921875 0.4495142890625 0.4921875 0.45993780781250004 0.486328125 0.47296720781249996 0.486328125 0.483390728125 0.4912109375 0.487299546875 0.4931640625 0.48469366718750007 0.4990234375 0.48469366718750007 0.5009765625 0.487299546875 0.505859375 0.4859966078125 0.5087890625 0.4794819078125 0.5146484375 0.4794819078125 0.51953125 0.47296720781249996 0.51953125 0.46775544843750005
0 0.732421875 0.43909076875 0.7275390625 0.43257606875 0.7216796875 0.43257606875 0.7158203125 0.44299958906250003 0.7099609375 0.44299958906250003 0.703125 0.4495142890625 0.703125 0.457331928125 0.7099609375 0.46645250781250003 0.7158203125 0.46384662812500005 0.7197265625 0.45863486875000004 0.7255859375 0.46905838749999995 0.7294921875 0.46905838749999995 0.7314453125 0.47166426875 0.73828125 0.470361328125 0.7421875 0.46514956874999996 0.7421875 0.45993780781250004 0.734375 0.4495142890625 0.732421875 0.43909076875
0 0.7216796875 0.502934828125 0.7177734375 0.502934828125 0.716796875 0.496420128125 0.728515625 0.483390728125 0.7265625 0.47296720781249996 0.7138671875 0.46645250781250003 0.7080078125 0.46645250781250003 0.703125 0.47296720781249996 0.703125 0.47817896718749997 0.7080078125 0.48469366718750007 0.7119140625 0.48469366718750007 0.71484375 0.4886024875 0.712890625 0.5068436468749999 0.7177734375 0.5107524671875 0.724609375 0.5094495265625001 0.7265625 0.5042377671875 0.724609375 0.496420128125 0.72265625 0.496420128125 0.7216796875 0.502934828125
0 0.7578125 0.483390728125 0.7578125 0.470361328125 0.7529296875 0.46645250781250003 0.7490234375 0.46645250781250003 0.7431640625 0.4742701484375 0.7333984375 0.4742701484375 0.728515625 0.48078484843749997 0.7265625 0.5094495265625001 0.7314453125 0.513358346875 0.740234375 0.5120554078125 0.744140625 0.5068436468749999 0.744140625 0.496420128125 0.7509765625 0.4951171875 0.7578125 0.483390728125