0 0.263671875 0.3114026515625 0.263671875 0.3009791328125 0.2548828125 0.2944644328125 0.2509765625 0.2970703125 0.24609375 0.308796771875 0.23828125 0.3166144125 0.236328125 0.32703793124999997 0.2412109375 0.3361585125 0.259765625 0.33485557187500004 0.26171875 0.32964381249999997 0.2578125 0.321826171875 0.2578125 0.3166144125 0.263671875 0.3114026515625
0 0.2783203125 0.28925267187500003 0.2666015625 0.28925267187500003 0.263671875 0.295767371875 0.263671875 0.3009791328125 0.2705078125 0.3074938328125 0.2763671875 0.3179173515625 0.27734375 0.3166144125 0.2890625 0.30358501250000003 0.2890625 0.2931614921875 0.2822265625 0.2866467921875 0.2783203125 0.28925267187500003
0 0.2939453125 0.3100997125 0.2861328125 0.31531147187499997 0.2822265625 0.31531147187499997 0.279296875 0.3192202921875 0.279296875 0.32703793124999997 0.2822265625 0.33094675156250003 0.2861328125 0.33094675156250003 0.2900390625 0.3361585125 0.29296875 0.33485557187500004 0.2978515625 0.33094675156250003 0.302734375 0.321826171875 0.30078125 0.3166144125 0.2939453125 0.3100997125
0 0.328125 0.32964381249999997 0.328125 0.3192202921875 0.3232421875 0.3127055921875 0.3193359375 0.31531147187499997 0.3095703125 0.3127055921875 0.3046875 0.3192202921875 0.3046875 0.3244320515625 0.302734375 0.32703793124999997 0.3046875 0.32964381249999997 0.3046875 0.33485557187500004 0.310546875 0.34006733125 0.30859375 0.34267321093750003 0.30859375 0.3478849703125 0.3134765625 0.35439967031249997 0.322265625 0.35309673125 0.326171875 0.3452790921875 0.32421875 0.34267321093750003 0.32421875 0.33746145156249996 0.328125 0.32964381249999997
0 0.2998046875 0.33355263125 0.2900390625 0.3387643921875 0.28515625 0.3478849703125 0.28515625 0.358308490625 0.2900390625 0.364823190625 0.29296875 0.36352025 0.30078125 0.3557026109375 0.30078125 0.3504908515625 0.3046875 0.34267321093750003 0.2998046875 0.33355263125
0 0.28125 0.34006733125 0.2763671875 0.33094675156250003 0.2705078125 0.33094675156250003 0.2646484375 0.3361585125 0.2587890625 0.3361585125 0.25390625 0.34267321093750003 0.25390625 0.3504908515625 0.2568359375 0.3570055515625 0.2646484375 0.3570055515625 0.267578125 0.36352025 0.2724609375 0.3674290703125 0.279296875 0.36612613125000004 0.283203125 0.3557026109375 0.279296875 0.3478849703125 0.279296875 0.34267321093750003 0.28125 0.34006733125
0 0.2294921875 0.33355263125 0.224609375 0.34006733125 0.224609375 0.3478849703125 0.22265625 0.3504908515625 0.2275390625 0.3622173109375 0.232421875 0.3609143703125 0.240234375 0.35309673125 0.240234375 0.33746145156249996 0.2373046875 0.33355263125 0.2294921875 0.33355263125
0 0.2333984375 0.3622173109375 0.2275390625 0.364823190625 0.22265625 0.37394377031250003 0.22265625 0.384367290625 0.2275390625 0.390881990625 0.232421875 0.38957905 0.2353515625 0.38827611093750003 0.23828125 0.3817614109375 0.23828125 0.36873201093749997 0.2333984375 0.3622173109375
0 0.2470703125 0.35439967031249997 0.2421875 0.36352025 0.244140625 0.36612613125000004 0.240234375 0.371337890625 0.240234375 0.3791555296875 0.2451171875 0.3856702296875 0.25 0.384367290625 0.259765625 0.37394377031250003 0.259765625 0.358308490625 0.2548828125 0.351793790625 0.2470703125 0.35439967031249997
0 0.24609375 0.40521432968750004 0.24609375 0.394790809375 0.2412109375 0.38827611093750003 0.234375 0.394790809375 0.234375 0.40000257031249997 0.23828125 0.41042608906250005 0.232421875 0.41563785 0.232421875 0.42345548906249997 0.2353515625 0.427364309375 0.240234375 0.42606136875 0.2509765625 0.4247584296875 0.25390625 0.4182437296875 0.25390625 0.4130319703125 0.24609375 0.40521432968750004
0 0.2626953125 0.3804584703125 0.2568359375 0.3804584703125 0.251953125 0.38957905 0.251953125 0.40521432968750004 0.2548828125 0.41172902968749997 0.26171875 0.41042608906250005 0.26953125 0.397396690625 0.267578125 0.394790809375 0.267578125 0.384367290625 0.2626953125 0.3804584703125
0 0.279296875 0.420849609375 0.2724609375 0.41172902968749997 0.2626953125 0.41172902968749997 0.251953125 0.42606136875 0.251953125 0.4312731296875 0.2548828125 0.4377878296875 0.26171875 0.4364848890625 0.2646484375 0.43257606875 0.2744140625 0.43257606875 0.279296875 0.42606136875 0.279296875 0.420849609375
0 0.30078125 0.4469084078125 0.2958984375 0.440393709375 0.2919921875 0.440393709375 0.2861328125 0.4299701890625 0.2783203125 0.4299701890625 0.275390625 0.433879009375 0.275390625 0.44430252968749995 0.2724609375 0.4482113484375 0.2685546875 0.4482113484375 0.263671875 0.45472604843750003 0.263671875 0.45993780781250004 0.2685546875 0.46645250781250003 0.27734375 0.46514956874999996 0.2841796875 0.4560289875 0.2958984375 0.45863486875000004 0.30078125 0.45212016874999994 0.30078125 0.4469084078125
0 0.28515625 0.3791555296875 0.28515625 0.37394377031250003 0.2822265625 0.37003495000000003 0.2763671875 0.37003495000000003 0.271484375 0.37654964999999996 0.271484375 0.3817614109375 0.27734375 0.3921849296875 0.27734375 0.40521432968750004 0.2822265625 0.41172902968749997 0.2890625 0.41042608906250005 0.296875 0.3921849296875 0.2939453125 0.3856702296875 0.2900390625 0.3856702296875 0.28515625 0.3791555296875
0 0.3115234375 0.3570055515625 0.3037109375 0.37003495000000003 0.2998046875 0.37003495000000003 0.294921875 0.37654964999999996 0.294921875 0.384367290625 0.2998046875 0.390881990625 0.3037109375 0.390881990625 0.3056640625 0.3934878703125 0.310546875 0.3921849296875 0.3203125 0.371337890625 0.3203125 0.3609143703125 0.3173828125 0.3570055515625 0.3115234375 0.3570055515625
0 0.3359375 0.3791555296875 0.3310546875 0.3674290703125 0.3251953125 0.3674290703125 0.318359375 0.37654964999999996 0.318359375 0.384367290625 0.314453125 0.38957905 0.314453125 0.394790809375 0.3193359375 0.40130550937500004 0.32421875 0.40000257031249997 0.3271484375 0.39609375 0.3310546875 0.39609375 0.3359375 0.3921849296875 0.3359375 0.3791555296875
0 0.318359375 0.41042608906250005 0.3134765625 0.4039113890625 0.3076171875 0.4039113890625 0.2998046875 0.41433490937500006 0.2939453125 0.41433490937500006 0.2890625 0.42345548906249997 0.2978515625 0.440393709375 0.3017578125 0.44299958906250003 0.3046875 0.4416966484375 0.310546875 0.4364848890625 0.3125 0.42345548906249997 0.318359375 0.41563785 0.318359375 0.41042608906250005
0 0.486328125 0.32703793124999997 0.4775390625 0.32052323125000004 0.4736328125 0.328340871875 0.46484375 0.3322496921875 0.462890625 0.34267321093750003 0.4658203125 0.3491879109375 0.4716796875 0.3491879109375 0.4775390625 0.35439967031249997 0.48046875 0.35309673125 0.484375 0.3478849703125 0.482421875 0.34006733125 0.486328125 0.33485557187500004 0.486328125 0.32703793124999997
0 0.51171875 0.30358501250000003 0.5068359375 0.2970703125 0.5009765625 0.2970703125 0.4970703125 0.302282071875 0.4892578125 0.2996761921875 0.486328125 0.30358501250000003 0.484375 0.308796771875 0.484375 0.3192202921875 0.4873046875 0.3231291125 0.494140625 0.321826171875 0.4990234375 0.31531147187499997 0.5087890625 0.31531147187499997 0.51171875 0.3114026515625 0.51171875 0.30358501250000003
0 0.5244140625 0.29185855312500003 0.5224609375 0.2944644328125 0.5185546875 0.2944644328125 0.513671875 0.30358501250000003 0.515625 0.3114026515625 0.5263671875 0.3179173515625 0.53125 0.3166144125 0.541015625 0.30358501250000003 0.541015625 0.295767371875 0.5380859375 0.29185855312500003 0.5244140625 0.29185855312500003
0 0.5615234375 0.302282071875 0.5576171875 0.2944644328125 0.5478515625 0.2944644328125 0.544921875 0.29837325312499996 0.544921875 0.3114026515625 0.5498046875 0.32052323125000004 0.5546875 0.321826171875 0.5654296875 0.32052323125000004 0.568359375 0.3166144125 0.568359375 0.3061908921875 0.5615234375 0.302282071875
0 0.583984375 0.3192202921875 0.5791015625 0.3127055921875 0.5751953125 0.3127055921875 0.5703125 0.3192202921875 0.568359375 0.33746145156249996 0.5712890625 0.3413702703125 0.5791015625 0.3413702703125 0.5830078125 0.34658203125 0.5859375 0.3452790921875 0.58984375 0.34267321093750003 0.58984375 0.3322496921875 0.5859375 0.32703793124999997 0.583984375 0.3192202921875
0 0.5556640625 0.3257349921875 0.5478515625 0.3257349921875 0.54296875 0.32964381249999997 0.541015625 0.33746145156249996 0.5458984375 0.3439761515625 0.5498046875 0.3439761515625 0.5517578125 0.34658203125 0.55859375 0.3452790921875 0.5625 0.34006733125 0.5625 0.3322496921875 0.5595703125 0.328340871875 0.5556640625 0.3257349921875
0 0.529296875 0.32964381249999997 0.5166015625 0.31531147187499997 0.5078125 0.3192202921875 0.5078125 0.32703793124999997 0.501953125 0.33746145156249996 0.501953125 0.3452790921875 0.5048828125 0.3491879109375 0.5087890625 0.351793790625 0.513671875 0.3504908515625 0.5166015625 0.34658203125 0.5263671875 0.34658203125 0.529296875 0.34267321093750003 0.529296875 0.32964381249999997
0 0.4931640625 0.351793790625 0.482421875 0.3609143703125 0.482421875 0.36873201093749997 0.486328125 0.37394377031250003 0.486328125 0.384367290625 0.4912109375 0.390881990625 0.49609375 0.38957905 0.5078125 0.36612613125000004 0.5078125 0.3609143703125 0.5029296875 0.351793790625 0.4931640625 0.351793790625
0 0.48046875 0.36873201093749997 0.4755859375 0.35961143125 0.4658203125 0.3570055515625 0.4609375 0.36352025 0.4609375 0.371337890625 0.46484375 0.3791555296875 0.462890625 0.384367290625 0.462890625 0.397396690625 0.4658203125 0.40130550937500004 0.47265625 0.40000257031249997 0.4765625 0.394790809375 0.4765625 0.3869731703125 0.48046875 0.3791555296875 0.48046875 0.36873201093749997
0 0.494140625 0.41563785 0.494140625 0.40260844999999995 0.4912109375 0.3986996296875 0.4814453125 0.3986996296875 0.478515625 0.40260844999999995 0.478515625 0.4130319703125 0.48046875 0.41563785 0.4765625 0.42345548906249997 0.4765625 0.433879009375 0.4814453125 0.440393709375 0.48828125 0.43909076875 0.4990234375 0.4377878296875 0.501953125 0.433879009375 0.501953125 0.42345548906249997 0.494140625 0.41563785
0 0.4794921875 0.4482113484375 0.4765625 0.45212016874999994 0.4765625 0.45993780781250004 0.482421875 0.46775544843750005 0.482421875 0.47296720781249996 0.4892578125 0.4820877875 0.494140625 0.48078484843749997 0.5 0.47296720781249996 0.501953125 0.45472604843750003 0.4990234375 0.45081722968750004 0.4794921875 0.4482113484375
0 0.521484375 0.43909076875 0.5087890625 0.4377878296875 0.5048828125 0.440393709375 0.501953125 0.44430252968749995 0.501953125 0.45472604843750003 0.5068359375 0.46124074843749996 0.5107421875 0.46124074843749996 0.5205078125 0.4742701484375 0.5234375 0.47296720781249996 0.529296875 0.46775544843750005 0.529296875 0.45993780781250004 0.521484375 0.4495142890625 0.521484375 0.43909076875
0 0.525390625 0.43909076875 0.525390625 0.4416966484375 0.529296875 0.4495142890625 0.529296875 0.45472604843750003 0.5341796875 0.46124074843749996 0.5390625 0.45993780781250004 0.546875 0.43909076875 0.5439453125 0.4299701890625 0.5341796875 0.427364309375 0.525390625 0.43909076875
0 0.564453125 0.4469084078125 0.5556640625 0.4377878296875 0.5517578125 0.4377878296875 0.55078125 0.44430252968749995 0.54296875 0.45472604843750003 0.544921875 0.46775544843750005 0.552734375 0.46775544843750005 0.556640625 0.45993780781250004 0.556640625 0.45472604843750003 0.564453125 0.4495142890625 0.564453125 0.4469084078125
0 0.5537109375 0.41172902968749997 0.5498046875 0.41433490937500006 0.548828125 0.420849609375 0.5546875 0.4364848890625 0.564453125 0.4364848890625 0.568359375 0.42866725 0.56640625 0.4182437296875 0.5615234375 0.41172902968749997 0.5537109375 0.41172902968749997
0 0.546875 0.40521432968750004 0.54296875 0.40000257031249997 0.54296875 0.38957905 0.5380859375 0.38306435 0.5322265625 0.38306435 0.529296875 0.3869731703125 0.529296875 0.394790809375 0.515625 0.40782020937499996 0.515625 0.41563785 0.5205078125 0.42215255 0.525390625 0.420849609375 0.5283203125 0.4169407890625 0.5419921875 0.4195466703125 0.546875 0.4130319703125 0.546875 0.40521432968750004
0 0.505859375 0.384367290625 0.505859375 0.397396690625 0.5078125 0.40260844999999995 0.513671875 0.40260844999999995 0.521484375 0.38957905 0.5166015625 0.377852590625 0.5107421875 0.377852590625 0.505859375 0.384367290625
0 0.5341796875 0.3413702703125 0.529296875 0.3452790921875 0.529296875 0.35309673125 0.533203125 0.3609143703125 0.533203125 0.37394377031250003 0.5361328125 0.377852590625 0.544921875 0.37654964999999996 0.552734375 0.36352025 0.552734375 0.3557026109375 0.5400390625 0.3413702703125 0.5341796875 0.3413702703125
0 0.57421875 0.3478849703125 0.5673828125 0.3413702703125 0.560546875 0.3478849703125 0.560546875 0.36352025 0.5654296875 0.3752467109375 0.576171875 0.37394377031250003 0.578125 0.371337890625 0.578125 0.36352025 0.57421875 0.358308490625 0.57421875 0.3478849703125
0 0.5634765625 0.377852590625 0.55859375 0.384367290625 0.55859375 0.397396690625 0.5615234375 0.40130550937500004 0.5703125 0.40000257031249997 0.572265625 0.397396690625 0.572265625 0.3869731703125 0.5673828125 0.377852590625 0.5634765625 0.377852590625
0 0.5693359375 0.40130550937500004 0.56640625 0.40521432968750004 0.56640625 0.4182437296875 0.5693359375 0.42215255 0.57421875 0.420849609375 0.580078125 0.4130319703125 0.580078125 0.40782020937499996 0.5771484375 0.40130550937500004 0.5693359375 0.40130550937500004
0 0.5810546875 0.41172902968749997 0.576171875 0.42606136875 0.578125 0.43909076875 0.5830078125 0.44299958906250003 0.583984375 0.4416966484375 0.591796875 0.4312731296875 0.591796875 0.420849609375 0.5888671875 0.41172902968749997 0.5810546875 0.41172902968749997
0 0.5908203125 0.377852590625 0.5869140625 0.37003495000000003 0.5830078125 0.37003495000000003 0.578125 0.37654964999999996 0.580078125 0.3817614109375 0.580078125 0.38957905 0.578125 0.3921849296875 0.5849609375 0.4039113890625 0.58984375 0.40260844999999995 0.59375 0.397396690625 0.59765625 0.384367290625 0.595703125 0.3791555296875 0.5908203125 0.377852590625
0 0.7109375 0.397396690625 0.7109375 0.40782020937499996 0.7158203125 0.4169407890625 0.724609375 0.41563785 0.7265625 0.40000257031249997 0.7216796875 0.390881990625 0.7158203125 0.390881990625 0.7109375 0.397396690625
0 0.7099609375 0.4195466703125 0.70703125 0.42345548906249997 0.70703125 0.44430252968749995 0.7099609375 0.45081722968750004 0.71484375 0.45212016874999994 0.72265625 0.44430252968749995 0.72265625 0.42866725 0.7158203125 0.4195466703125 0.7099609375 0.4195466703125
0 0.748046875 0.44430252968749995 0.748046875 0.43909076875 0.744140625 0.42866725 0.7392578125 0.42215255 0.7314453125 0.42215255 0.7265625 0.42866725 0.728515625 0.4416966484375 0.72265625 0.45212016874999994 0.724609375 0.4625436875 0.7275390625 0.46645250781250003 0.734375 0.46514956874999996 0.73828125 0.457331928125 0.73828125 0.4495142890625 0.7451171875 0.4482113484375 0.748046875 0.44430252968749995
0 0.7431640625 0.45863486875000004 0.7412109375 0.46384662812500005 0.7353515625 0.46384662812500005 0.73046875 0.46775544843750005 0.73046875 0.47296720781249996 0.728515625 0.47557308750000005 0.7333984375 0.48469366718750007 0.7392578125 0.48469366718750007 0.7431640625 0.489905428125 0.751953125 0.4886024875 0.75390625 0.4859966078125 0.75390625 0.47296720781249996 0.7490234375 0.45863486875000004 0.7431640625 0.45863486875000004
0 0.7607421875 0.489905428125 0.7548828125 0.4977230671875 0.7470703125 0.4951171875 0.7421875 0.4990260078125 0.740234375 0.5068436468749999 0.7470703125 0.5159642265625 0.7568359375 0.513358346875 0.7587890625 0.51857010625 0.7626953125 0.5211759875 0.765625 0.519873046875 0.771484375 0.5068436468749999 0.771484375 0.496420128125 0.7666015625 0.489905428125 0.7607421875 0.489905428125
0 0.7548828125 0.45081722968750004 0.751953125 0.45472604843750003 0.751953125 0.46775544843750005 0.75390625 0.47296720781249996 0.7587890625 0.4794819078125 0.767578125 0.47817896718749997 0.76953125 0.47296720781249996 0.767578125 0.457331928125 0.7587890625 0.45081722968750004 0.7548828125 0.45081722968750004
0 0.7666015625 0.40912315 0.755859375 0.41042608906250005 0.755859375 0.42606136875 0.75 0.433879009375 0.75 0.4416966484375 0.7548828125 0.4482113484375 0.759765625 0.4469084078125 0.7666015625 0.4351819484375 0.771484375 0.433879009375 0.771484375 0.4182437296875 0.7666015625 0.40912315
0 0.755859375 0.40000257031249997 0.75 0.3921849296875 0.75 0.3791555296875 0.7412109375 0.3726408296875 0.734375 0.3817614109375 0.736328125 0.38957905 0.73046875 0.397396690625 0.73046875 0.41042608906250005 0.7353515625 0.4169407890625 0.744140625 0.41563785 0.7470703125 0.41172902968749997 0.7509765625 0.41172902968749997 0.755859375 0.40521432968750004 0.755859375 0.40000257031249997
0 0.7431640625 0.3752467109375 0.7392578125 0.3752467109375 0.736328125 0.3791555296875 0.736328125 0.3869731703125 0.7392578125 0.390881990625 0.748046875 0.3921849296875 0.75 0.3869731703125 0.744140625 0.384367290625 0.74609375 0.3791555296875 0.7431640625 0.3752467109375
0 0.77734375 0.371337890625 0.77734375 0.3609143703125 0.7724609375 0.35439967031249997 0.7666015625 0.35439967031249997 0.763671875 0.358308490625 0.7626953125 0.364823190625 0.7548828125 0.364823190625 0.75 0.371337890625 0.75 0.3791555296875 0.7578125 0.38957905 0.7578125 0.394790809375 0.7626953125 0.3986996296875 0.765625 0.397396690625 0.76953125 0.3921849296875 0.76953125 0.3869731703125 0.767578125 0.384367290625 0.77734375 0.371337890625
0 0.79296875 0.371337890625 0.7900390625 0.3674290703125 0.7802734375 0.3674290703125 0.77734375 0.371337890625 0.779296875 0.3921849296875 0.7900390625 0.3986996296875 0.796875 0.397396690625 0.798828125 0.394790809375 0.798828125 0.384367290625 0.794921875 0.3791555296875 0.79296875 0.371337890625
0 0.79296875 0.40521432968750004 0.7900390625 0.3986996296875 0.7841796875 0.3986996296875 0.7802734375 0.3934878703125 0.7744140625 0.3934878703125 0.76953125 0.40000257031249997 0.76953125 0.40782020937499996 0.7783203125 0.42215255 0.78125 0.420849609375 0.7841796875 0.4169407890625 0.7900390625 0.4169407890625 0.79296875 0.4130319703125 0.79296875 0.40521432968750004
0 0.8056640625 0.41433490937500006 0.8037109375 0.40912315 0.7978515625 0.40912315 0.794921875 0.4130319703125 0.794921875 0.420849609375 0.80078125 0.42866725 0.80078125 0.4364848890625 0.8056640625 0.44299958906250003 0.8125 0.4416966484375 0.81640625 0.4364848890625 0.818359375 0.41563785 0.8134765625 0.41172902968749997 0.8056640625 0.41433490937500006
0 0.7939453125 0.42215255 0.7880859375 0.42215255 0.78515625 0.42606136875 0.78515625 0.4364848890625 0.7890625 0.44430252968749995 0.7890625 0.4495142890625 0.7939453125 0.4534231078125 0.80078125 0.45212016874999994 0.802734375 0.4416966484375 0.796875 0.4312731296875 0.796875 0.42606136875 0.7939453125 0.42215255
0 0.7744140625 0.4299701890625 0.771484375 0.433879009375 0.771484375 0.45212016874999994 0.7763671875 0.45863486875000004 0.783203125 0.457331928125 0.78515625 0.45472604843750003 0.78515625 0.43909076875 0.7802734375 0.43257606875 0.7744140625 0.4299701890625
0 0.8037109375 0.4560289875 0.7958984375 0.4534231078125 0.787109375 0.46514956874999996 0.794921875 0.483390728125 0.794921875 0.4886024875 0.7998046875 0.4925113078125 0.806640625 0.4912083671875 0.810546875 0.483390728125 0.8046875 0.47296720781249996 0.806640625 0.4625436875 0.8037109375 0.4560289875
0 0.7734375 0.47817896718749997 0.771484375 0.4886024875 0.7734375 0.4912083671875 0.7734375 0.496420128125 0.7783203125 0.502934828125 0.783203125 0.5016318875 0.787109375 0.4912083671875 0.787109375 0.47817896718749997 0.7783203125 0.47166426875 0.7734375 0.47817896718749997