0 0.28125 0.3869731703125 0.2763671875 0.377852590625 0.2705078125 0.377852590625 0.2646484375 0.3856702296875 0.2548828125 0.377852590625 0.24609375 0.384367290625 0.244140625 0.397396690625 0.2470703125 0.40130550937500004 0.2568359375 0.40130550937500004 0.2607421875 0.40912315 0.26953125 0.40782020937499996 0.271484375 0.40260844999999995 0.279296875 0.394790809375 0.279296875 0.38957905 0.28125 0.3869731703125
0 0.291015625 0.41042608906250005 0.294921875 0.40521432968750004 0.294921875 0.3921849296875 0.2900390625 0.3856702296875 0.2841796875 0.3856702296875 0.279296875 0.3921849296875 0.279296875 0.40260844999999995 0.271484375 0.4130319703125 0.271484375 0.42345548906249997 0.2744140625 0.427364309375 0.2802734375 0.427364309375 0.2861328125 0.4377878296875 0.29296875 0.4364848890625 0.296875 0.4312731296875 0.296875 0.42345548906249997 0.291015625 0.41563785 0.291015625 0.41042608906250005
0 0.228515625 0.41563785 0.2333984375 0.42215255 0.2412109375 0.4169407890625 0.2421875 0.42345548906249997 0.2451171875 0.427364309375 0.251953125 0.42606136875 0.25390625 0.4130319703125 0.2431640625 0.39609375 0.228515625 0.40782020937499996 0.228515625 0.41563785
0 0.2314453125 0.42215255 0.2294921875 0.4247584296875 0.2275390625 0.42215255 0.2216796875 0.42215255 0.2138671875 0.4299701890625 0.2109375 0.4364848890625 0.2109375 0.44430252968749995 0.2177734375 0.45081722968750004 0.2275390625 0.44299958906250003 0.2333984375 0.45081722968750004 0.236328125 0.4495142890625 0.2421875 0.44430252968749995 0.240234375 0.42606136875 0.2373046875 0.42215255 0.2314453125 0.42215255
0 0.2578125 0.457331928125 0.2529296875 0.45081722968750004 0.2490234375 0.45081722968750004 0.2470703125 0.4482113484375 0.2431640625 0.4534231078125 0.2412109375 0.45081722968750004 0.240234375 0.457331928125 0.232421875 0.470361328125 0.2373046875 0.4820877875 0.2421875 0.48078484843749997 0.2470703125 0.47166426875 0.2529296875 0.47166426875 0.2578125 0.46514956874999996 0.2578125 0.457331928125
0 0.2646484375 0.46384662812500005 0.2607421875 0.46384662812500005 0.25390625 0.47296720781249996 0.25390625 0.47817896718749997 0.25 0.4886024875 0.2529296875 0.4925113078125 0.2587890625 0.4925113078125 0.2607421875 0.489905428125 0.2685546875 0.5003289468750001 0.271484375 0.4990260078125 0.279296875 0.4912083671875 0.279296875 0.48078484843749997 0.2705078125 0.4742701484375 0.2646484375 0.46384662812500005
0 0.26953125 0.43909076875 0.26953125 0.42606136875 0.2666015625 0.42215255 0.2568359375 0.42215255 0.25390625 0.4312731296875 0.2578125 0.43909076875 0.2578125 0.45472604843750003 0.2607421875 0.45863486875000004 0.265625 0.45993780781250004 0.2685546875 0.45863486875000004 0.2734375 0.4495142890625 0.2734375 0.44430252968749995 0.26953125 0.43909076875
0 0.296875 0.4469084078125 0.2939453125 0.44299958906250003 0.2802734375 0.440393709375 0.275390625 0.4469084078125 0.27734375 0.45212016874999994 0.27734375 0.46514956874999996 0.275390625 0.46775544843750005 0.2822265625 0.4794819078125 0.287109375 0.47817896718749997 0.291015625 0.47296720781249996 0.291015625 0.4625436875 0.296875 0.457331928125 0.296875 0.4469084078125
0 0.4921875 0.32964381249999997 0.490234375 0.3244320515625 0.4853515625 0.32052323125000004 0.4755859375 0.3231291125 0.4677734375 0.3100997125 0.4599609375 0.3100997125 0.45703125 0.3140085328125 0.45703125 0.3244320515625 0.466796875 0.33485557187500004 0.466796875 0.34006733125 0.4697265625 0.3439761515625 0.4765625 0.34267321093750003 0.4794921875 0.3387643921875 0.4814453125 0.3413702703125 0.4853515625 0.3413702703125 0.4921875 0.32964381249999997
0 0.4921875 0.3557026109375 0.4853515625 0.3491879109375 0.4716796875 0.3439761515625 0.46875 0.3478849703125 0.466796875 0.36352025 0.4697265625 0.3674290703125 0.47265625 0.36612613125000004 0.4755859375 0.3622173109375 0.4892578125 0.364823190625 0.4921875 0.3609143703125 0.4921875 0.3557026109375
0 0.4873046875 0.3726408296875 0.4833984375 0.37003495000000003 0.4794921875 0.3726408296875 0.4697265625 0.37003495000000003 0.46484375 0.37654964999999996 0.466796875 0.3921849296875 0.4697265625 0.39609375 0.47265625 0.394790809375 0.4775390625 0.38827611093750003 0.4833984375 0.390881990625 0.48828125 0.3869731703125 0.4873046875 0.3726408296875
0 0.5078125 0.3609143703125 0.51171875 0.3557026109375 0.51171875 0.3452790921875 0.5048828125 0.3387643921875 0.49609375 0.3478849703125 0.498046875 0.3504908515625 0.498046875 0.358308490625 0.4921875 0.36352025 0.4921875 0.371337890625 0.4951171875 0.3752467109375 0.4990234375 0.3752467109375 0.5048828125 0.3856702296875 0.51171875 0.384367290625 0.515625 0.3791555296875 0.513671875 0.371337890625 0.5078125 0.36612613125000004 0.5078125 0.3609143703125
0 0.5048828125 0.3986996296875 0.4951171875 0.40130550937500004 0.4892578125 0.3934878703125 0.4833984375 0.3934878703125 0.48046875 0.40260844999999995 0.4833984375 0.40651727031249996 0.4873046875 0.4039113890625 0.490234375 0.40782020937499996 0.48828125 0.4130319703125 0.4931640625 0.42215255 0.5 0.420849609375 0.50390625 0.4130319703125 0.5078125 0.41042608906250005 0.5078125 0.40260844999999995 0.5048828125 0.3986996296875
0 0.521484375 0.4312731296875 0.5107421875 0.4195466703125 0.5048828125 0.4195466703125 0.5009765625 0.4247584296875 0.4892578125 0.42215255 0.48046875 0.42866725 0.48046875 0.4364848890625 0.4853515625 0.44299958906250003 0.4931640625 0.44299958906250003 0.4990234375 0.45081722968750004 0.50390625 0.4495142890625 0.5068359375 0.44560546875 0.5166015625 0.44560546875 0.521484375 0.4416966484375 0.521484375 0.4312731296875
0 0.515625 0.4312731296875 0.515625 0.4416966484375 0.51953125 0.4416966484375 0.521484375 0.43909076875 0.521484375 0.433879009375 0.5185546875 0.427364309375 0.515625 0.4312731296875
0 0.54296875 0.40000257031249997 0.533203125 0.38957905 0.533203125 0.384367290625 0.5302734375 0.3804584703125 0.5224609375 0.377852590625 0.517578125 0.3869731703125 0.51953125 0.397396690625 0.5234375 0.40000257031249997 0.5234375 0.40521432968750004 0.51953125 0.40782020937499996 0.521484375 0.4312731296875 0.5263671875 0.4351819484375 0.53515625 0.433879009375 0.5390625 0.42866725 0.5390625 0.4130319703125 0.54296875 0.40521432968750004 0.54296875 0.40000257031249997
0 0.755859375 0.3869731703125 0.7509765625 0.377852590625 0.7431640625 0.377852590625 0.740234375 0.384367290625 0.740234375 0.38957905 0.748046875 0.40260844999999995 0.74609375 0.40521432968750004 0.74609375 0.41042608906250005 0.7509765625 0.4169407890625 0.755859375 0.41563785 0.76171875 0.41042608906250005 0.763671875 0.40260844999999995 0.755859375 0.394790809375 0.755859375 0.3869731703125
0 0.7705078125 0.3804584703125 0.767578125 0.384367290625 0.767578125 0.3921849296875 0.7744140625 0.40651727031249996 0.7890625 0.40521432968750004 0.791015625 0.394790809375 0.7861328125 0.3856702296875 0.7763671875 0.3804584703125 0.7705078125 0.3804584703125
0 0.76171875 0.4312731296875 0.76171875 0.42606136875 0.7568359375 0.4195466703125 0.7431640625 0.4169407890625 0.73828125 0.42345548906249997 0.73828125 0.4364848890625 0.734375 0.4416966484375 0.734375 0.45212016874999994 0.7412109375 0.45863486875000004 0.744140625 0.457331928125 0.751953125 0.4495142890625 0.751953125 0.43909076875 0.7568359375 0.4377878296875 0.76171875 0.4312731296875
0 0.7421875 0.48078484843749997 0.74609375 0.47557308750000005 0.74609375 0.46514956874999996 0.7431640625 0.46124074843749996 0.7353515625 0.46124074843749996 0.73046875 0.46775544843750005 0.73046875 0.47817896718749997 0.732421875 0.48078484843749997 0.7255859375 0.4820877875 0.720703125 0.4859966078125 0.720703125 0.496420128125 0.7255859375 0.502934828125 0.7265625 0.5016318875 0.7314453125 0.4977230671875 0.7392578125 0.5003289468750001 0.7421875 0.496420128125 0.7421875 0.48078484843749997
0 0.7548828125 0.502934828125 0.7431640625 0.5003289468750001 0.73828125 0.5068436468749999 0.7421875 0.5172671671875 0.7421875 0.5302965671875 0.7451171875 0.5342053875 0.751953125 0.532902446875 0.75390625 0.5302965671875 0.755859375 0.5172671671875 0.759765625 0.5120554078125 0.7548828125 0.502934828125
0 0.7666015625 0.46124074843749996 0.7529296875 0.46384662812500005 0.75 0.46775544843750005 0.75 0.483390728125 0.751953125 0.4886024875 0.7568359375 0.4925113078125 0.76171875 0.4912083671875 0.765625 0.4859966078125 0.765625 0.47557308750000005 0.76953125 0.46775544843750005 0.7666015625 0.46124074843749996
0 0.7734375 0.5068436468749999 0.7734375 0.493814246875 0.7705078125 0.489905428125 0.7626953125 0.489905428125 0.759765625 0.4990260078125 0.763671875 0.5094495265625001 0.759765625 0.5172671671875 0.7646484375 0.526387746875 0.767578125 0.52508480625 0.7744140625 0.5237818671875 0.77734375 0.519873046875 0.77734375 0.5120554078125 0.7734375 0.5068436468749999
0 0.7939453125 0.427364309375 0.796875 0.420849609375 0.796875 0.41563785 0.7919921875 0.40912315 0.7861328125 0.40912315 0.7802734375 0.4169407890625 0.7763671875 0.41433490937500006 0.76953125 0.420849609375 0.767578125 0.457331928125 0.7744140625 0.46124074843749996 0.779296875 0.45993780781250004 0.787109375 0.4469084078125 0.787109375 0.4364848890625 0.78515625 0.433879009375 0.7939453125 0.427364309375
0 0.80078125 0.46514956874999996 0.8046875 0.457331928125 0.8046875 0.4469084078125 0.8017578125 0.44299958906250003 0.7939453125 0.44299958906250003 0.7900390625 0.44560546875 0.7890625 0.45472604843750003 0.787109375 0.457331928125 0.7890625 0.45993780781250004 0.7841796875 0.46124074843749996 0.77734375 0.46775544843750005 0.77734375 0.47557308750000005 0.7822265625 0.4820877875 0.796875 0.483390728125 0.80078125 0.48078484843749997 0.80078125 0.47557308750000005 0.802734375 0.47296720781249996 0.80078125 0.46514956874999996
0 0.806640625 0.4886024875 0.8037109375 0.48469366718750007 0.7958984375 0.48469366718750007 0.7919921875 0.489905428125 0.7822265625 0.4925113078125 0.779296875 0.496420128125 0.779296875 0.5068436468749999 0.7841796875 0.513358346875 0.7919921875 0.513358346875 0.7939453125 0.5159642265625 0.7998046875 0.513358346875 0.8056640625 0.51857010625 0.8125 0.5172671671875 0.814453125 0.5146612875 0.814453125 0.5042377671875 0.806640625 0.496420128125 0.806640625 0.4886024875