0 0.2080078125 0.364823190625 0.205078125 0.36873201093749997 0.205078125 0.37394377031250003 0.2080078125 0.377852590625 0.212890625 0.37654964999999996 0.2216796875 0.3752467109375 0.22265625 0.36873201093749997 0.2197265625 0.364823190625 0.2080078125 0.364823190625
0 0.2294921875 0.351793790625 0.224609375 0.358308490625 0.224609375 0.36612613125000004 0.2333984375 0.3752467109375 0.23828125 0.37394377031250003 0.2421875 0.36612613125000004 0.2421875 0.358308490625 0.2353515625 0.351793790625 0.2294921875 0.351793790625
0 0.236328125 0.34006733125 0.236328125 0.3452790921875 0.240234375 0.35309673125 0.240234375 0.358308490625 0.2431640625 0.3622173109375 0.24609375 0.3609143703125 0.259765625 0.3504908515625 0.2529296875 0.3387643921875 0.2412109375 0.3361585125 0.236328125 0.34006733125
0 0.2607421875 0.34658203125 0.25390625 0.3478849703125 0.25390625 0.358308490625 0.2587890625 0.364823190625 0.2626953125 0.364823190625 0.2646484375 0.3674290703125 0.26953125 0.36612613125000004 0.2724609375 0.364823190625 0.2734375 0.3609143703125 0.2685546875 0.351793790625 0.2607421875 0.34658203125
0 0.2451171875 0.35439967031249997 0.2421875 0.358308490625 0.2421875 0.36873201093749997 0.244140625 0.37394377031250003 0.2490234375 0.377852590625 0.2578125 0.37654964999999996 0.26171875 0.371337890625 0.263671875 0.3609143703125 0.2568359375 0.35439967031249997 0.2451171875 0.35439967031249997
0 0.2666015625 0.35961143125 0.26171875 0.36873201093749997 0.26171875 0.3869731703125 0.2646484375 0.390881990625 0.271484375 0.3921849296875 0.2734375 0.38957905 0.275390625 0.36612613125000004 0.2705078125 0.35961143125 0.2666015625 0.35961143125
0 0.2744140625 0.3804584703125 0.287109375 0.3791555296875 0.287109375 0.37394377031250003 0.2763671875 0.3622173109375 0.26953125 0.36873201093749997 0.2744140625 0.3804584703125
0 0.2080078125 0.34658203125 0.205078125 0.3504908515625 0.205078125 0.3557026109375 0.2080078125 0.35961143125 0.220703125 0.358308490625 0.22265625 0.3557026109375 0.22265625 0.3504908515625 0.2177734375 0.34658203125 0.2080078125 0.34658203125
0 0.2216796875 0.5837171046875 0.216796875 0.5850200453125 0.2236328125 0.5967465046875 0.228515625 0.595443565625 0.234375 0.5902318046875 0.2255859375 0.5785053453125 0.2236328125 0.5785053453125 0.2216796875 0.5837171046875
0 0.177734375 0.35309673125 0.1806640625 0.35961143125 0.19140625 0.3609143703125 0.197265625 0.3557026109375 0.1943359375 0.34658203125 0.1845703125 0.34658203125 0.177734375 0.35309673125
0 0.20703125 0.33746145156249996 0.2099609375 0.3439761515625 0.2265625 0.34267321093750003 0.228515625 0.33746145156249996 0.2236328125 0.33355263125 0.2099609375 0.33355263125 0.20703125 0.33746145156249996
0 0.193359375 0.34006733125 0.1943359375 0.34658203125 0.205078125 0.3452790921875 0.208984375 0.34267321093750003 0.2080078125 0.33355263125 0.2001953125 0.33355263125 0.193359375 0.34006733125
0 0.1923828125 0.34658203125 0.189453125 0.3504908515625 0.189453125 0.36352025 0.1943359375 0.3674290703125 0.197265625 0.36612613125000004 0.201171875 0.36352025 0.201171875 0.3504908515625 0.1982421875 0.34658203125 0.1923828125 0.34658203125
0 0.181640625 0.36352025 0.1826171875 0.3674290703125 0.189453125 0.36612613125000004 0.19140625 0.36352025 0.1904296875 0.35961143125 0.1845703125 0.35961143125 0.181640625 0.36352025
0 0.1767578125 0.35961143125 0.1630859375 0.3622173109375 0.158203125 0.371337890625 0.1591796875 0.3856702296875 0.169921875 0.384367290625 0.173828125 0.3817614109375 0.173828125 0.37394377031250003 0.177734375 0.36873201093749997 0.1767578125 0.35961143125
0 0.1767578125 0.37003495000000003 0.173828125 0.384367290625 0.1767578125 0.38827611093750003 0.18359375 0.3869731703125 0.189453125 0.384367290625 0.189453125 0.37394377031250003 0.1865234375 0.37003495000000003 0.1767578125 0.37003495000000003
0 0.189453125 0.37394377031250003 0.1875 0.384367290625 0.1904296875 0.38827611093750003 0.201171875 0.3869731703125 0.203125 0.384367290625 0.2021484375 0.3726408296875 0.1943359375 0.37003495000000003 0.189453125 0.37394377031250003
0 0.17578125 0.394790809375 0.1728515625 0.390881990625 0.1650390625 0.390881990625 0.1611328125 0.3934878703125 0.158203125 0.40000257031249997 0.158203125 0.41042608906250005 0.1611328125 0.41433490937500006 0.166015625 0.4130319703125 0.1708984375 0.41172902968749997 0.173828125 0.40782020937499996 0.173828125 0.397396690625 0.17578125 0.394790809375
0 0.171875 0.40260844999999995 0.171875 0.40782020937499996 0.1767578125 0.41433490937500006 0.185546875 0.4130319703125 0.189453125 0.40521432968750004 0.1826171875 0.3934878703125 0.1767578125 0.3934878703125 0.171875 0.40260844999999995
0 0.1865234375 0.390881990625 0.18359375 0.394790809375 0.1904296875 0.40651727031249996 0.197265625 0.40521432968750004 0.2099609375 0.3986996296875 0.2109375 0.394790809375 0.2080078125 0.390881990625 0.1865234375 0.390881990625
0 0.2236328125 0.3726408296875 0.2080078125 0.3752467109375 0.203125 0.3817614109375 0.203125 0.38957905 0.2080078125 0.39609375 0.212890625 0.394790809375 0.2236328125 0.3934878703125 0.228515625 0.3869731703125 0.228515625 0.3817614109375 0.2236328125 0.3726408296875
0 0.2451171875 0.3752467109375 0.2353515625 0.3752467109375 0.2265625 0.384367290625 0.2275390625 0.390881990625 0.2333984375 0.390881990625 0.2353515625 0.3934878703125 0.2421875 0.3921849296875 0.2470703125 0.390881990625 0.25 0.3869731703125 0.25 0.3817614109375 0.2451171875 0.3752467109375
0 0.2568359375 0.3804584703125 0.2509765625 0.3804584703125 0.25 0.40260844999999995 0.2529296875 0.40651727031249996 0.2578125 0.40521432968750004 0.263671875 0.397396690625 0.263671875 0.38957905 0.2587890625 0.3856702296875 0.2568359375 0.3804584703125
0 0.2890625 0.397396690625 0.287109375 0.40000257031249997 0.2890625 0.40260844999999995 0.2890625 0.4130319703125 0.2958984375 0.4169407890625 0.302734375 0.41563785 0.3046875 0.4130319703125 0.298828125 0.394790809375 0.2900390625 0.3856702296875 0.2890625 0.397396690625
0 0.2802734375 0.390881990625 0.2763671875 0.3856702296875 0.26953125 0.40260844999999995 0.26953125 0.41042608906250005 0.271484375 0.4130319703125 0.267578125 0.420849609375 0.267578125 0.42606136875 0.2724609375 0.4299701890625 0.28125 0.42866725 0.28125 0.42345548906249997 0.28515625 0.41563785 0.28515625 0.3921849296875 0.2802734375 0.390881990625
0 0.2626953125 0.38827611093750003 0.26171875 0.397396690625 0.2578125 0.40782020937499996 0.259765625 0.41042608906250005 0.259765625 0.41563785 0.2626953125 0.42215255 0.271484375 0.420849609375 0.2734375 0.4182437296875 0.271484375 0.3921849296875 0.2685546875 0.38827611093750003 0.2626953125 0.38827611093750003
0 0.28125 0.420849609375 0.28125 0.4312731296875 0.2880859375 0.440393709375 0.291015625 0.43909076875 0.294921875 0.42866725 0.2880859375 0.4169407890625 0.2841796875 0.4169407890625 0.28125 0.420849609375
0 0.306640625 0.4182437296875 0.2998046875 0.40912315 0.29296875 0.420849609375 0.29296875 0.433879009375 0.2890625 0.43909076875 0.2939453125 0.44560546875 0.3046875 0.44430252968749995 0.30859375 0.43909076875 0.30859375 0.42606136875 0.306640625 0.42345548906249997 0.306640625 0.4182437296875
0 0.216796875 0.3921849296875 0.216796875 0.397396690625 0.212890625 0.40521432968750004 0.212890625 0.4182437296875 0.2265625 0.4182437296875 0.232421875 0.40782020937499996 0.232421875 0.394790809375 0.2236328125 0.38827611093750003 0.216796875 0.3921849296875
0 0.25390625 0.40260844999999995 0.251953125 0.40000257031249997 0.251953125 0.3921849296875 0.2490234375 0.38827611093750003 0.2412109375 0.38827611093750003 0.236328125 0.3921849296875 0.236328125 0.420849609375 0.234375 0.42345548906249997 0.23828125 0.433879009375 0.2412109375 0.4377878296875 0.244140625 0.4364848890625 0.251953125 0.42866725 0.251953125 0.420849609375 0.25390625 0.4182437296875 0.25390625 0.40260844999999995
0 0.2353515625 0.40130550937500004 0.224609375 0.4130319703125 0.2265625 0.4312731296875 0.2294921875 0.4351819484375 0.232421875 0.433879009375 0.2373046875 0.43257606875 0.240234375 0.42606136875 0.240234375 0.41042608906250005 0.2353515625 0.40130550937500004
0 0.2724609375 0.42215255 0.2666015625 0.42215255 0.2607421875 0.4169407890625 0.2548828125 0.4169407890625 0.25 0.42606136875 0.25 0.4469084078125 0.248046875 0.4495142890625 0.2568359375 0.46124074843749996 0.263671875 0.45993780781250004 0.2724609375 0.45863486875000004 0.27734375 0.45472604843750003 0.28125 0.433879009375 0.2724609375 0.42215255
0 0.306640625 0.46775544843750005 0.306640625 0.45472604843750003 0.30859375 0.45212016874999994 0.3056640625 0.44560546875 0.3017578125 0.44560546875 0.2998046875 0.4482113484375 0.2880859375 0.4482113484375 0.28515625 0.45212016874999994 0.287109375 0.45472604843750003 0.287109375 0.4625436875 0.283203125 0.46775544843750005 0.283203125 0.47296720781249996 0.28515625 0.47557308750000005 0.283203125 0.4859966078125 0.2900390625 0.4951171875 0.30078125 0.496420128125 0.306640625 0.4859966078125 0.306640625 0.47296720781249996 0.30859375 0.470361328125 0.306640625 0.46775544843750005
0 0.2734375 0.457331928125 0.2705078125 0.4534231078125 0.2626953125 0.4534231078125 0.2578125 0.457331928125 0.255859375 0.47296720781249996 0.2578125 0.47557308750000005 0.2578125 0.483390728125 0.2666015625 0.489905428125 0.267578125 0.4886024875 0.275390625 0.48078484843749997 0.275390625 0.46775544843750005 0.2734375 0.46514956874999996 0.2734375 0.457331928125
0 0.2802734375 0.489905428125 0.275390625 0.496420128125 0.2734375 0.5146612875 0.2783203125 0.5211759875 0.28515625 0.519873046875 0.2890625 0.5120554078125 0.2890625 0.493814246875 0.2861328125 0.489905428125 0.2802734375 0.489905428125
0 0.2958984375 0.4925113078125 0.2861328125 0.4925113078125 0.283203125 0.5016318875 0.283203125 0.5146612875 0.29296875 0.5146612875 0.2958984375 0.513358346875 0.298828125 0.5068436468749999 0.298828125 0.496420128125 0.2958984375 0.4925113078125
0 0.2822265625 0.440393709375 0.2734375 0.457331928125 0.271484375 0.47296720781249996 0.2763671875 0.489905428125 0.2890625 0.4886024875 0.291015625 0.4859966078125 0.291015625 0.4495142890625 0.2861328125 0.440393709375 0.2822265625 0.440393709375
0 0.212890625 0.41042608906250005 0.2041015625 0.4039113890625 0.1962890625 0.40651727031249996 0.19140625 0.4130319703125 0.1923828125 0.4247584296875 0.1962890625 0.4247584296875 0.1982421875 0.427364309375 0.203125 0.42606136875 0.2099609375 0.4195466703125 0.21484375 0.4182437296875 0.212890625 0.41563785 0.212890625 0.41042608906250005
0 0.146484375 0.42345548906249997 0.146484375 0.4312731296875 0.1513671875 0.4377878296875 0.158203125 0.4364848890625 0.162109375 0.42866725 0.162109375 0.41563785 0.1513671875 0.41433490937500006 0.146484375 0.42345548906249997
0 0.1650390625 0.4169407890625 0.16015625 0.42345548906249997 0.16015625 0.4416966484375 0.1669921875 0.4482113484375 0.171875 0.4469084078125 0.17578125 0.43909076875 0.177734375 0.42345548906249997 0.1728515625 0.4169407890625 0.1650390625 0.4169407890625
0 0.189453125 0.42866725 0.1845703125 0.4247584296875 0.1767578125 0.4247584296875 0.173828125 0.4312731296875 0.171875 0.4495142890625 0.1767578125 0.4560289875 0.18359375 0.45472604843750003 0.189453125 0.4495142890625 0.189453125 0.44430252968749995 0.19140625 0.4416966484375 0.189453125 0.42866725
0 0.193359375 0.4182437296875 0.1943359375 0.42215255 0.20703125 0.420849609375 0.2060546875 0.4169407890625 0.2021484375 0.4195466703125 0.1982421875 0.4169407890625 0.193359375 0.4182437296875
0 0.1923828125 0.427364309375 0.19140625 0.43909076875 0.2001953125 0.4482113484375 0.205078125 0.4469084078125 0.208984375 0.4416966484375 0.208984375 0.433879009375 0.2021484375 0.4247584296875 0.1923828125 0.427364309375
0 0.2333984375 0.427364309375 0.2294921875 0.42215255 0.2158203125 0.4195466703125 0.208984375 0.42606136875 0.208984375 0.4364848890625 0.2138671875 0.44299958906250003 0.2158203125 0.440393709375 0.2197265625 0.440393709375 0.2216796875 0.44299958906250003 0.228515625 0.4416966484375 0.23046875 0.4364848890625 0.236328125 0.4312731296875 0.2353515625 0.4247584296875 0.2333984375 0.427364309375
0 0.2119140625 0.440393709375 0.208984375 0.44430252968749995 0.208984375 0.45212016874999994 0.2138671875 0.45863486875000004 0.224609375 0.457331928125 0.228515625 0.45212016874999994 0.228515625 0.44430252968749995 0.2255859375 0.440393709375 0.2119140625 0.440393709375
0 0.244140625 0.45212016874999994 0.2421875 0.4495142890625 0.2421875 0.43909076875 0.2373046875 0.4299701890625 0.2275390625 0.43257606875 0.224609375 0.4364848890625 0.2265625 0.4416966484375 0.22265625 0.4495142890625 0.22265625 0.45993780781250004 0.224609375 0.46514956874999996 0.2275390625 0.46905838749999995 0.232421875 0.46775544843750005 0.2392578125 0.46645250781250003 0.2421875 0.4625436875 0.2421875 0.45472604843750003 0.244140625 0.45212016874999994
0 0.2509765625 0.45863486875000004 0.234375 0.470361328125 0.236328125 0.4859966078125 0.232421875 0.493814246875 0.232421875 0.5016318875 0.236328125 0.5094495265625001 0.236328125 0.5172671671875 0.25 0.5172671671875 0.25390625 0.5146612875 0.259765625 0.4990260078125 0.2578125 0.47557308750000005 0.2509765625 0.45863486875000004
0 0.2333984375 0.46905838749999995 0.2265625 0.47557308750000005 0.2265625 0.48078484843749997 0.2314453125 0.487299546875 0.236328125 0.4859966078125 0.240234375 0.48078484843749997 0.23828125 0.47817896718749997 0.23828125 0.470361328125 0.2333984375 0.46905838749999995
0 0.2802734375 0.5107524671875 0.27734375 0.5094495265625001 0.2763671875 0.4951171875 0.2724609375 0.5003289468750001 0.2666015625 0.4951171875 0.259765625 0.5042377671875 0.2578125 0.5146612875 0.2607421875 0.51857010625 0.2646484375 0.5211759875 0.2705078125 0.5211759875 0.2724609375 0.51857010625 0.2763671875 0.51857010625 0.2783203125 0.5211759875 0.283203125 0.519873046875 0.28515625 0.5172671671875 0.28515625 0.5016318875 0.2822265625 0.4977230671875 0.2802734375 0.5107524671875
0 0.2685546875 0.5237818671875 0.259765625 0.532902446875 0.259765625 0.5381142062500001 0.2646484375 0.54462890625 0.267578125 0.5433259671874999 0.271484375 0.5381142062500001 0.271484375 0.532902446875 0.2734375 0.5302965671875 0.2685546875 0.5237818671875
0 0.28515625 0.52508480625 0.2822265625 0.5211759875 0.2763671875 0.5237818671875 0.26953125 0.5381142062500001 0.271484375 0.5537494859375001 0.279296875 0.5537494859375001 0.283203125 0.5485377265625 0.283203125 0.5355083265625 0.28515625 0.532902446875 0.28515625 0.52508480625
0 0.2646484375 0.55765830625 0.2578125 0.56417300625 0.2587890625 0.5706877046875001 0.2646484375 0.5706877046875001 0.2666015625 0.5732935859375 0.26953125 0.5719906453125 0.2734375 0.5667788859375 0.2734375 0.5615671250000001 0.2705078125 0.55765830625 0.2646484375 0.55765830625
0 0.2421875 0.5537494859375001 0.2421875 0.556355365625 0.2470703125 0.5602641859374999 0.255859375 0.5589612453125 0.2578125 0.556355365625 0.2568359375 0.5472347859375 0.2490234375 0.5472347859375 0.2421875 0.5537494859375001
0 0.2470703125 0.5654759453125 0.2392578125 0.5654759453125 0.234375 0.574596525 0.234375 0.5902318046875 0.24609375 0.5902318046875 0.24609375 0.5798082859375 0.25 0.574596525 0.25 0.569384765625 0.2470703125 0.5654759453125
0 0.23828125 0.556355365625 0.2353515625 0.5524465453125 0.2255859375 0.5524465453125 0.22265625 0.556355365625 0.22265625 0.5719906453125 0.220703125 0.574596525 0.2265625 0.582414165625 0.2265625 0.587625925 0.2294921875 0.5915347453125 0.234375 0.5902318046875 0.236328125 0.587625925 0.234375 0.5772024046875 0.236328125 0.574596525 0.23828125 0.556355365625
0 0.1962890625 0.5524465453125 0.18359375 0.5615671250000001 0.18359375 0.5719906453125 0.1865234375 0.5758994656249999 0.1884765625 0.5732935859375 0.2041015625 0.5732935859375 0.2060546875 0.5758994656249999 0.212890625 0.574596525 0.21484375 0.5537494859375001 0.2119140625 0.549840665625 0.2099609375 0.5524465453125 0.1962890625 0.5524465453125
0 0.18359375 0.56417300625 0.1787109375 0.5602641859374999 0.1708984375 0.5602641859374999 0.169921875 0.5772024046875 0.1748046875 0.5863229859375 0.1787109375 0.588928865625 0.181640625 0.587625925 0.1875 0.5772024046875 0.1875 0.574596525 0.18359375 0.5719906453125 0.18359375 0.56417300625
0 0.1552734375 0.5602641859374999 0.15234375 0.56417300625 0.154296875 0.5667788859375 0.154296875 0.5719906453125 0.1572265625 0.5758994656249999 0.16015625 0.574596525 0.1640625 0.569384765625 0.1640625 0.56417300625 0.1611328125 0.5602641859374999 0.1552734375 0.5602641859374999
0 0.16796875 0.5407200859375 0.1611328125 0.5394171453125 0.158203125 0.5511436062499999 0.1650390625 0.5628700656250001 0.169921875 0.5615671250000001 0.171875 0.5589612453125 0.171875 0.5537494859375001 0.16796875 0.5485377265625 0.16796875 0.5407200859375
0 0.1865234375 0.5289936265625 0.1787109375 0.5289936265625 0.17578125 0.532902446875 0.173828125 0.5407200859375 0.1806640625 0.5524465453125 0.193359375 0.5511436062499999 0.1953125 0.5485377265625 0.1953125 0.5433259671874999 0.1904296875 0.53159950625 0.1865234375 0.5289936265625
0 0.1494140625 0.5211759875 0.14453125 0.5276906875 0.14453125 0.532902446875 0.146484375 0.5355083265625 0.146484375 0.5407200859375 0.1494140625 0.54462890625 0.154296875 0.5459318453125 0.158203125 0.5407200859375 0.158203125 0.5302965671875 0.1552734375 0.5237818671875 0.1494140625 0.5211759875
0 0.2275390625 0.526387746875 0.21484375 0.5355083265625 0.21484375 0.5459318453125 0.2197265625 0.5524465453125 0.22265625 0.5511436062499999 0.2275390625 0.549840665625 0.23046875 0.5459318453125 0.23046875 0.5302965671875 0.2275390625 0.526387746875
0 0.2333984375 0.5342053875 0.23046875 0.5381142062500001 0.23046875 0.5459318453125 0.2353515625 0.549840665625 0.23828125 0.5485377265625 0.2421875 0.5459318453125 0.2421875 0.5381142062500001 0.2392578125 0.5342053875 0.2333984375 0.5342053875
0 0.2431640625 0.51857010625 0.240234375 0.5224789265625 0.23828125 0.5355083265625 0.2431640625 0.54462890625 0.248046875 0.5433259671874999 0.25390625 0.5381142062500001 0.255859375 0.5302965671875 0.2529296875 0.5211759875 0.2431640625 0.51857010625
0 0.2353515625 0.5003289468750001 0.2314453125 0.5003289468750001 0.2294921875 0.4977230671875 0.22265625 0.5094495265625001 0.22265625 0.52508480625 0.2314453125 0.53159950625 0.23828125 0.5302965671875 0.240234375 0.52508480625 0.23828125 0.519873046875 0.240234375 0.5094495265625001 0.2353515625 0.5003289468750001
0 0.2236328125 0.4794819078125 0.2177734375 0.4794819078125 0.2109375 0.4886024875 0.2109375 0.5016318875 0.2158203125 0.5055407078124999 0.21875 0.5042377671875 0.2236328125 0.502934828125 0.23046875 0.496420128125 0.23046875 0.4886024875 0.2236328125 0.4794819078125
0 0.2099609375 0.46384662812500005 0.20703125 0.46775544843750005 0.20703125 0.47296720781249996 0.2119140625 0.4794819078125 0.220703125 0.47817896718749997 0.224609375 0.47296720781249996 0.224609375 0.46775544843750005 0.2197265625 0.46124074843749996 0.2099609375 0.46384662812500005
0 0.1982421875 0.44560546875 0.1962890625 0.44299958906250003 0.19140625 0.4495142890625 0.19140625 0.4625436875 0.1962890625 0.47166426875 0.203125 0.470361328125 0.20703125 0.46514956874999996 0.20703125 0.45212016874999994 0.2021484375 0.44560546875 0.1982421875 0.44560546875
0 0.2001953125 0.4742701484375 0.197265625 0.47817896718749997 0.197265625 0.493814246875 0.2001953125 0.4977230671875 0.20703125 0.496420128125 0.2109375 0.4912083671875 0.2109375 0.47817896718749997 0.2080078125 0.4742701484375 0.2001953125 0.4742701484375
0 0.1943359375 0.45081722968750004 0.1865234375 0.4560289875 0.181640625 0.4625436875 0.1826171875 0.4742701484375 0.193359375 0.47296720781249996 0.1953125 0.470361328125 0.1953125 0.46514956874999996 0.193359375 0.4625436875 0.1943359375 0.45081722968750004
0 0.1806640625 0.4560289875 0.1708984375 0.4560289875 0.166015625 0.46514956874999996 0.166015625 0.470361328125 0.1689453125 0.4742701484375 0.18359375 0.47296720781249996 0.185546875 0.470361328125 0.18359375 0.46775544843750005 0.18359375 0.45993780781250004 0.1806640625 0.4560289875
0 0.15625 0.457331928125 0.15625 0.46775544843750005 0.1611328125 0.47166426875 0.166015625 0.470361328125 0.171875 0.45472604843750003 0.1689453125 0.45081722968750004 0.1611328125 0.4482113484375 0.15625 0.457331928125
0 0.1533203125 0.4377878296875 0.150390625 0.4416966484375 0.150390625 0.45472604843750003 0.1552734375 0.46124074843749996 0.15625 0.45993780781250004 0.16015625 0.4495142890625 0.16015625 0.44430252968749995 0.1572265625 0.4377878296875 0.1533203125 0.4377878296875
0 0.140625 0.4416966484375 0.140625 0.45212016874999994 0.1435546875 0.4560289875 0.146484375 0.45472604843750003 0.1484375 0.45212016874999994 0.1484375 0.433879009375 0.1455078125 0.4299701890625 0.140625 0.4416966484375
0 0.1455078125 0.45863486875000004 0.142578125 0.46514956874999996 0.142578125 0.47296720781249996 0.1474609375 0.4794819078125 0.15234375 0.47817896718749997 0.154296875 0.47557308750000005 0.154296875 0.4625436875 0.1513671875 0.45863486875000004 0.1455078125 0.45863486875000004
0 0.1611328125 0.47166426875 0.15625 0.47817896718749997 0.15625 0.4886024875 0.1611328125 0.4977230671875 0.169921875 0.496420128125 0.173828125 0.4912083671875 0.173828125 0.48078484843749997 0.17578125 0.47817896718749997 0.1611328125 0.47166426875
0 0.197265625 0.493814246875 0.19921875 0.483390728125 0.1962890625 0.47687602812499996 0.1826171875 0.47687602812499996 0.1796875 0.48078484843749997 0.1796875 0.493814246875 0.181640625 0.496420128125 0.18359375 0.5224789265625 0.1884765625 0.5289936265625 0.1953125 0.5276906875 0.1953125 0.519873046875 0.205078125 0.5120554078125 0.205078125 0.5042377671875 0.197265625 0.493814246875
0 0.220703125 0.5120554078125 0.2119140625 0.5055407078124999 0.20703125 0.5120554078125 0.20703125 0.52508480625 0.2138671875 0.5368112671875 0.216796875 0.5355083265625 0.220703125 0.5302965671875 0.22265625 0.519873046875 0.220703125 0.5172671671875 0.220703125 0.5120554078125
0 0.2021484375 0.5211759875 0.1953125 0.532902446875 0.1953125 0.5407200859375 0.2001953125 0.5524465453125 0.20703125 0.5511436062499999 0.212890625 0.5459318453125 0.212890625 0.5302965671875 0.2060546875 0.5211759875 0.2021484375 0.5211759875
0 0.1728515625 0.4977230671875 0.169921875 0.5016318875 0.169921875 0.52508480625 0.1748046875 0.5289936265625 0.1796875 0.5276906875 0.18359375 0.52508480625 0.18359375 0.5068436468749999 0.1787109375 0.5003289468750001 0.1728515625 0.4977230671875
0 0.1591796875 0.502934828125 0.154296875 0.5068436468749999 0.154296875 0.519873046875 0.150390625 0.52508480625 0.1533203125 0.5289936265625 0.1572265625 0.5289936265625 0.1591796875 0.5342053875 0.1611328125 0.53159950625 0.1630859375 0.5342053875 0.16796875 0.532902446875 0.169921875 0.5302965671875 0.16796875 0.5094495265625001 0.1630859375 0.502934828125 0.1591796875 0.502934828125
0 0.1513671875 0.4820877875 0.146484375 0.4912083671875 0.146484375 0.4990260078125 0.1494140625 0.502934828125 0.154296875 0.5016318875 0.158203125 0.4990260078125 0.158203125 0.4886024875 0.1552734375 0.4820877875 0.1513671875 0.4820877875
0 0.140625 0.5042377671875 0.140625 0.5146612875 0.1455078125 0.5237818671875 0.1484375 0.5224789265625 0.150390625 0.519873046875 0.150390625 0.5042377671875 0.1455078125 0.4977230671875 0.140625 0.5042377671875
0 0.1328125 0.5120554078125 0.1328125 0.5224789265625 0.1376953125 0.5289936265625 0.140625 0.5276906875 0.142578125 0.52508480625 0.142578125 0.5146612875 0.1357421875 0.5081465875 0.1328125 0.5120554078125
0 0.1337890625 0.46384662812500005 0.12890625 0.47296720781249996 0.12890625 0.47817896718749997 0.1318359375 0.4820877875 0.13671875 0.48078484843749997 0.138671875 0.47296720781249996 0.13671875 0.470361328125 0.13671875 0.46514956874999996 0.1337890625 0.46384662812500005
0 0.1513671875 0.3856702296875 0.1474609375 0.3856702296875 0.1435546875 0.390881990625 0.1396484375 0.38827611093750003 0.13671875 0.3921849296875 0.134765625 0.40521432968750004 0.130859375 0.4130319703125 0.130859375 0.42606136875 0.13671875 0.42606136875 0.1455078125 0.42215255 0.154296875 0.40260844999999995 0.154296875 0.38957905 0.1513671875 0.3856702296875
0 0.4755859375 0.549840665625 0.4716796875 0.549840665625 0.46484375 0.5589612453125 0.466796875 0.56417300625 0.46484375 0.569384765625 0.46484375 0.582414165625 0.4697265625 0.5863229859375 0.478515625 0.5850200453125 0.4765625 0.582414165625 0.482421875 0.5667788859375 0.48046875 0.5537494859375001 0.4755859375 0.549840665625
0 0.48046875 0.5459318453125 0.48046875 0.5537494859375001 0.4833984375 0.55765830625 0.4873046875 0.55765830625 0.4892578125 0.5602641859374999 0.49609375 0.5589612453125 0.501953125 0.5537494859375001 0.4931640625 0.5420230265625 0.4853515625 0.5420230265625 0.48046875 0.5459318453125
0 0.5068359375 0.526387746875 0.4990234375 0.526387746875 0.494140625 0.532902446875 0.494140625 0.5433259671874999 0.5009765625 0.5550524265625 0.505859375 0.5537494859375001 0.51171875 0.5433259671874999 0.509765625 0.5407200859375 0.509765625 0.5302965671875 0.5068359375 0.526387746875
0 0.470703125 0.5355083265625 0.470703125 0.5407200859375 0.4755859375 0.5472347859375 0.48046875 0.5459318453125 0.484375 0.5407200859375 0.484375 0.532902446875 0.4775390625 0.5289936265625 0.470703125 0.5355083265625
0 0.462890625 0.5302965671875 0.4560546875 0.5237818671875 0.4501953125 0.5237818671875 0.4453125 0.5302965671875 0.443359375 0.5485377265625 0.4501953125 0.5628700656250001 0.455078125 0.5615671250000001 0.458984375 0.5537494859375001 0.45703125 0.5511436062499999 0.462890625 0.5407200859375 0.462890625 0.5302965671875
0 0.435546875 0.5537494859375001 0.435546875 0.5615671250000001 0.43359375 0.56417300625 0.4365234375 0.5706877046875001 0.4404296875 0.5732935859375 0.4453125 0.5719906453125 0.447265625 0.5667788859375 0.447265625 0.5537494859375001 0.4404296875 0.549840665625 0.435546875 0.5537494859375001
0 0.443359375 0.52508480625 0.4384765625 0.51857010625 0.4345703125 0.51857010625 0.43359375 0.52508480625 0.4296875 0.5302965671875 0.4296875 0.5485377265625 0.4345703125 0.5524465453125 0.435546875 0.5511436062499999 0.44140625 0.5459318453125 0.44140625 0.5381142062500001 0.443359375 0.5355083265625 0.443359375 0.52508480625
0 0.4140625 0.5224789265625 0.41015625 0.5407200859375 0.4169921875 0.5524465453125 0.4208984375 0.5550524265625 0.42578125 0.5537494859375001 0.427734375 0.5511436062499999 0.42578125 0.519873046875 0.4169921875 0.51857010625 0.4140625 0.5224789265625
0 0.548828125 0.519873046875 0.548828125 0.532902446875 0.5517578125 0.5368112671875 0.5546875 0.5355083265625 0.55859375 0.5302965671875 0.560546875 0.519873046875 0.5517578125 0.5159642265625 0.548828125 0.519873046875
0 0.564453125 0.4990260078125 0.564453125 0.4912083671875 0.5576171875 0.4794819078125 0.5517578125 0.4794819078125 0.544921875 0.496420128125 0.546875 0.5094495265625001 0.5537109375 0.5159642265625 0.5546875 0.5146612875 0.5595703125 0.513358346875 0.5625 0.5094495265625001 0.5625 0.5016318875 0.564453125 0.4990260078125
0 0.5625 0.493814246875 0.5654296875 0.4977230671875 0.56640625 0.496420128125 0.568359375 0.493814246875 0.5673828125 0.47166426875 0.5625 0.47557308750000005 0.5625 0.493814246875
0 0.4677734375 0.5081465875 0.458984375 0.5146612875 0.458984375 0.52508480625 0.4638671875 0.53159950625 0.470703125 0.5302965671875 0.4736328125 0.526387746875 0.48046875 0.52508480625 0.48046875 0.5146612875 0.4677734375 0.5081465875
0 0.4951171875 0.502934828125 0.4853515625 0.5055407078124999 0.482421875 0.5120554078125 0.482421875 0.5224789265625 0.4873046875 0.5289936265625 0.4921875 0.5276906875 0.4951171875 0.526387746875 0.5 0.5172671671875 0.5 0.5068436468749999 0.4951171875 0.502934828125
0 0.5087890625 0.4925113078125 0.505859375 0.496420128125 0.505859375 0.5042377671875 0.5166015625 0.5159642265625 0.51953125 0.5146612875 0.525390625 0.5094495265625001 0.525390625 0.4990260078125 0.5205078125 0.4925113078125 0.5087890625 0.4925113078125
0 0.5283203125 0.46384662812500005 0.5234375 0.47296720781249996 0.525390625 0.47557308750000005 0.525390625 0.4912083671875 0.5283203125 0.4951171875 0.53515625 0.493814246875 0.5390625 0.4859966078125 0.5390625 0.46775544843750005 0.5322265625 0.46124074843749996 0.5283203125 0.46384662812500005
0 0.5419921875 0.4534231078125 0.5390625 0.457331928125 0.5390625 0.47817896718749997 0.5419921875 0.4820877875 0.55078125 0.48078484843749997 0.5546875 0.47296720781249996 0.5546875 0.46514956874999996 0.5498046875 0.4560289875 0.5419921875 0.4534231078125
0 0.55078125 0.4495142890625 0.552734375 0.4625436875 0.5576171875 0.46905838749999995 0.568359375 0.46775544843750005 0.568359375 0.44430252968749995 0.5634765625 0.4351819484375 0.5576171875 0.4351819484375 0.55078125 0.4495142890625
0 0.5517578125 0.4247584296875 0.5458984375 0.4247584296875 0.54296875 0.4312731296875 0.54296875 0.4416966484375 0.541015625 0.4469084078125 0.5439453125 0.45081722968750004 0.546875 0.4495142890625 0.5498046875 0.4482113484375 0.556640625 0.4364848890625 0.556640625 0.4312731296875 0.5517578125 0.4247584296875
0 0.455078125 0.4990260078125 0.45703125 0.496420128125 0.45703125 0.4886024875 0.4482421875 0.4820877875 0.44140625 0.4886024875 0.44140625 0.5146612875 0.4462890625 0.5211759875 0.4501953125 0.5237818671875 0.453125 0.5224789265625 0.4560546875 0.5211759875 0.458984375 0.5146612875 0.458984375 0.5068436468749999 0.455078125 0.4990260078125
0 0.4580078125 0.4794819078125 0.455078125 0.483390728125 0.455078125 0.4886024875 0.458984375 0.4990260078125 0.458984375 0.5068436468749999 0.47265625 0.5068436468749999 0.474609375 0.5016318875 0.474609375 0.4886024875 0.470703125 0.48078484843749997 0.4580078125 0.4794819078125
0 0.4873046875 0.47687602812499996 0.4765625 0.4886024875 0.4765625 0.496420128125 0.4833984375 0.5055407078124999 0.4873046875 0.5055407078124999 0.4892578125 0.502934828125 0.4951171875 0.502934828125 0.4970703125 0.5055407078124999 0.5 0.5042377671875 0.50390625 0.496420128125 0.50390625 0.4912083671875 0.5009765625 0.48469366718750007 0.4873046875 0.47687602812499996
0 0.4921875 0.46514956874999996 0.4921875 0.47296720781249996 0.4951171875 0.47687602812499996 0.50390625 0.47557308750000005 0.5078125 0.46514956874999996 0.5029296875 0.4560289875 0.4970703125 0.4560289875 0.4921875 0.46514956874999996
0 0.5107421875 0.4742701484375 0.50390625 0.483390728125 0.50390625 0.4886024875 0.5068359375 0.4925113078125 0.51953125 0.493814246875 0.5234375 0.4886024875 0.5234375 0.48078484843749997 0.5185546875 0.47166426875 0.5107421875 0.4742701484375
0 0.5078125 0.4495142890625 0.5087890625 0.46645250781250003 0.5126953125 0.46905838749999995 0.5234375 0.46775544843750005 0.52734375 0.4625436875 0.52734375 0.457331928125 0.5224609375 0.45081722968750004 0.5078125 0.4495142890625
0 0.427734375 0.5068436468749999 0.4326171875 0.513358346875 0.4375 0.5120554078125 0.44140625 0.5016318875 0.4365234375 0.4951171875 0.4287109375 0.4951171875 0.427734375 0.5068436468749999
0 0.4130859375 0.489905428125 0.408203125 0.4990260078125 0.408203125 0.5146612875 0.4111328125 0.51857010625 0.416015625 0.5172671671875 0.421875 0.5068436468749999 0.421875 0.4990260078125 0.4169921875 0.489905428125 0.4130859375 0.489905428125
0 0.412109375 0.483390728125 0.4072265625 0.47687602812499996 0.4033203125 0.47687602812499996 0.4013671875 0.4742701484375 0.396484375 0.483390728125 0.396484375 0.5016318875 0.4013671875 0.5107524671875 0.40625 0.5094495265625001 0.41015625 0.5016318875 0.408203125 0.4990260078125 0.408203125 0.493814246875 0.412109375 0.483390728125
0 0.3984375 0.5172671671875 0.3984375 0.5224789265625 0.4033203125 0.53159950625 0.40625 0.5302965671875 0.408203125 0.5276906875 0.408203125 0.5120554078125 0.4052734375 0.5081465875 0.3984375 0.5172671671875
0 0.4296875 0.47557308750000005 0.4296875 0.483390728125 0.4326171875 0.487299546875 0.44140625 0.4859966078125 0.447265625 0.48078484843749997 0.4423828125 0.47166426875 0.4345703125 0.47166426875 0.4296875 0.47557308750000005
0 0.4130859375 0.46124074843749996 0.41015625 0.46775544843750005 0.412109375 0.470361328125 0.412109375 0.483390728125 0.4140625 0.4886024875 0.423828125 0.4886024875 0.427734375 0.483390728125 0.427734375 0.46514956874999996 0.4248046875 0.46124074843749996 0.4130859375 0.46124074843749996
0 0.4052734375 0.44299958906250003 0.3994140625 0.44299958906250003 0.39453125 0.45212016874999994 0.396484375 0.46514956874999996 0.3994140625 0.46905838749999995 0.408203125 0.46775544843750005 0.412109375 0.45993780781250004 0.41015625 0.457331928125 0.41015625 0.4495142890625 0.4052734375 0.44299958906250003
0 0.4208984375 0.427364309375 0.41796875 0.4312731296875 0.41796875 0.4416966484375 0.419921875 0.44430252968749995 0.419921875 0.45212016874999994 0.4228515625 0.4560289875 0.42578125 0.45472604843750003 0.431640625 0.4495142890625 0.43359375 0.4364848890625 0.4267578125 0.427364309375 0.4208984375 0.427364309375
0 0.4384765625 0.4351819484375 0.439453125 0.44430252968749995 0.4375 0.4469084078125 0.4375 0.457331928125 0.435546875 0.45993780781250004 0.4404296875 0.46905838749999995 0.447265625 0.46775544843750005 0.451171875 0.4625436875 0.451171875 0.4469084078125 0.4443359375 0.4351819484375 0.4384765625 0.4351819484375
0 0.45703125 0.4495142890625 0.458984375 0.45472604843750003 0.453125 0.4625436875 0.453125 0.470361328125 0.4638671875 0.4794819078125 0.470703125 0.47817896718749997 0.47265625 0.47557308750000005 0.470703125 0.44430252968749995 0.4619140625 0.440393709375 0.45703125 0.4495142890625
0 0.47265625 0.45212016874999994 0.47265625 0.46775544843750005 0.4775390625 0.4742701484375 0.48828125 0.47296720781249996 0.498046875 0.457331928125 0.49609375 0.4469084078125 0.4892578125 0.440393709375 0.47265625 0.45212016874999994
0 0.4853515625 0.427364309375 0.4775390625 0.41433490937500006 0.4716796875 0.41433490937500006 0.4609375 0.42866725 0.4609375 0.433879009375 0.4658203125 0.440393709375 0.4765625 0.43909076875 0.4814453125 0.4351819484375 0.4873046875 0.4377878296875 0.48828125 0.42866725 0.4853515625 0.427364309375
0 0.5078125 0.4182437296875 0.5048828125 0.41433490937500006 0.5009765625 0.41433490937500006 0.490234375 0.4364848890625 0.4951171875 0.44560546875 0.505859375 0.44430252968749995 0.509765625 0.433879009375 0.509765625 0.42606136875 0.5078125 0.42345548906249997 0.5078125 0.4182437296875
0 0.5283203125 0.4195466703125 0.5224609375 0.4247584296875 0.5146484375 0.4247584296875 0.509765625 0.4312731296875 0.5107421875 0.44560546875 0.5146484375 0.44560546875 0.5166015625 0.4482113484375 0.5205078125 0.44560546875 0.5234375 0.45212016874999994 0.5283203125 0.4560289875 0.5390625 0.45472604843750003 0.54296875 0.4495142890625 0.54296875 0.4312731296875 0.5322265625 0.4195466703125 0.5283203125 0.4195466703125
0 0.4453125 0.42606136875 0.443359375 0.4312731296875 0.4501953125 0.44299958906250003 0.458984375 0.4416966484375 0.4609375 0.43909076875 0.4609375 0.42866725 0.4580078125 0.4247584296875 0.4453125 0.42606136875
0 0.4130859375 0.4195466703125 0.4033203125 0.42215255 0.3984375 0.4312731296875 0.4033203125 0.440393709375 0.4072265625 0.44299958906250003 0.41015625 0.4416966484375 0.4130859375 0.440393709375 0.416015625 0.433879009375 0.416015625 0.42345548906249997 0.4130859375 0.4195466703125
0 0.4287109375 0.40651727031249996 0.423828125 0.41563785 0.423828125 0.420849609375 0.4287109375 0.4299701890625 0.435546875 0.42866725 0.439453125 0.42606136875 0.439453125 0.41042608906250005 0.4365234375 0.40651727031249996 0.4287109375 0.40651727031249996
0 0.4462890625 0.4039113890625 0.44140625 0.41042608906250005 0.44140625 0.420849609375 0.4443359375 0.4247584296875 0.44921875 0.42345548906249997 0.455078125 0.420849609375 0.455078125 0.4130319703125 0.4501953125 0.4039113890625 0.4462890625 0.4039113890625
0 0.4619140625 0.390881990625 0.4580078125 0.390881990625 0.453125 0.394790809375 0.451171875 0.40521432968750004 0.455078125 0.4130319703125 0.455078125 0.420849609375 0.4599609375 0.4247584296875 0.4609375 0.42345548906249997 0.46484375 0.420849609375 0.46875 0.41042608906250005 0.46875 0.397396690625 0.4619140625 0.390881990625
0 0.4912109375 0.39609375 0.4873046875 0.39609375 0.482421875 0.40260844999999995 0.482421875 0.420849609375 0.4873046875 0.427364309375 0.494140625 0.42606136875 0.498046875 0.4182437296875 0.49609375 0.41563785 0.49609375 0.40260844999999995 0.4912109375 0.39609375
0 0.5029296875 0.390881990625 0.5 0.394790809375 0.5 0.40521432968750004 0.5029296875 0.41172902968749997 0.509765625 0.41042608906250005 0.51171875 0.40782020937499996 0.51171875 0.394790809375 0.5087890625 0.390881990625 0.5029296875 0.390881990625
0 0.513671875 0.41042608906250005 0.5185546875 0.4195466703125 0.52734375 0.4182437296875 0.529296875 0.4130319703125 0.5263671875 0.40651727031249996 0.5185546875 0.4039113890625 0.513671875 0.41042608906250005
0 0.4755859375 0.38306435 0.4736328125 0.3804584703125 0.4658203125 0.38306435 0.46484375 0.38957905 0.4609375 0.394790809375 0.4658203125 0.40130550937500004 0.4697265625 0.40130550937500004 0.4716796875 0.3986996296875 0.4755859375 0.3986996296875 0.4775390625 0.40130550937500004 0.48046875 0.40000257031249997 0.484375 0.3921849296875 0.484375 0.3869731703125 0.4775390625 0.3804584703125 0.4755859375 0.38306435
0 0.39453125 0.41042608906250005 0.3994140625 0.4169407890625 0.408203125 0.41563785 0.41015625 0.40521432968750004 0.4072265625 0.40130550937500004 0.396484375 0.40260844999999995 0.39453125 0.41042608906250005
0 0.3935546875 0.40912315 0.388671875 0.4182437296875 0.388671875 0.42606136875 0.3916015625 0.4299701890625 0.396484375 0.42866725 0.400390625 0.420849609375 0.3984375 0.4182437296875 0.3984375 0.4130319703125 0.3935546875 0.40912315
0 0.390625 0.3869731703125 0.390625 0.394790809375 0.3955078125 0.40130550937500004 0.400390625 0.40000257031249997 0.40625 0.384367290625 0.4033203125 0.3804584703125 0.3955078125 0.3804584703125 0.390625 0.3869731703125
0 0.41796875 0.37394377031250003 0.4130859375 0.3674290703125 0.408203125 0.371337890625 0.40625 0.384367290625 0.41015625 0.38957905 0.41015625 0.41042608906250005 0.4169921875 0.4195466703125 0.41796875 0.4182437296875 0.427734375 0.40782020937499996 0.427734375 0.397396690625 0.41796875 0.3817614109375 0.41796875 0.37394377031250003
0 0.4208984375 0.3361585125 0.4150390625 0.3413702703125 0.408203125 0.35309673125 0.4111328125 0.364823190625 0.421875 0.36352025 0.4296875 0.3504908515625 0.4296875 0.34006733125 0.4267578125 0.3361585125 0.4208984375 0.3361585125
0 0.4384765625 0.3674290703125 0.435546875 0.371337890625 0.4375 0.3817614109375 0.4462890625 0.390881990625 0.451171875 0.38957905 0.45703125 0.384367290625 0.45703125 0.37394377031250003 0.4443359375 0.364823190625 0.4384765625 0.3674290703125
0 0.4404296875 0.3804584703125 0.4345703125 0.377852590625 0.42578125 0.3869731703125 0.42578125 0.394790809375 0.4306640625 0.4039113890625 0.4345703125 0.40651727031249996 0.439453125 0.40521432968750004 0.4482421875 0.40130550937500004 0.44921875 0.3921849296875 0.4443359375 0.38827611093750003 0.4404296875 0.3804584703125
0 0.4462890625 0.34658203125 0.443359375 0.35309673125 0.4453125 0.3557026109375 0.4453125 0.3609143703125 0.4521484375 0.37003495000000003 0.4609375 0.36873201093749997 0.46484375 0.3609143703125 0.462890625 0.3504908515625 0.4599609375 0.34658203125 0.4462890625 0.34658203125
0 0.43359375 0.34006733125 0.43359375 0.3478849703125 0.443359375 0.3478849703125 0.447265625 0.34006733125 0.447265625 0.33485557187500004 0.4384765625 0.33355263125 0.43359375 0.34006733125
0 0.431640625 0.32703793124999997 0.4326171875 0.3361585125 0.4404296875 0.3361585125 0.4443359375 0.3413702703125 0.44921875 0.34006733125 0.44921875 0.32703793124999997 0.4443359375 0.3179173515625 0.4365234375 0.32052323125000004 0.431640625 0.32703793124999997
0 0.4658203125 0.3179173515625 0.4560546875 0.328340871875 0.4521484375 0.328340871875 0.44921875 0.3322496921875 0.44921875 0.34006733125 0.4521484375 0.3439761515625 0.46875 0.34267321093750003 0.4765625 0.32964381249999997 0.4765625 0.321826171875 0.4716796875 0.3179173515625 0.4658203125 0.3179173515625
0 0.451171875 0.3140085328125 0.451171875 0.321826171875 0.4541015625 0.3257349921875 0.4609375 0.3244320515625 0.46484375 0.321826171875 0.46484375 0.3114026515625 0.4599609375 0.3074938328125 0.451171875 0.3140085328125
0 0.4677734375 0.35961143125 0.462890625 0.36873201093749997 0.4658203125 0.3752467109375 0.470703125 0.37654964999999996 0.474609375 0.37394377031250003 0.474609375 0.36352025 0.4716796875 0.35961143125 0.4677734375 0.35961143125
0 0.474609375 0.36352025 0.474609375 0.371337890625 0.4794921875 0.377852590625 0.490234375 0.37654964999999996 0.494140625 0.36873201093749997 0.4873046875 0.3570055515625 0.4814453125 0.3570055515625 0.474609375 0.36352025
0 0.5068359375 0.3726408296875 0.50390625 0.3791555296875 0.50390625 0.38957905 0.5126953125 0.39609375 0.513671875 0.394790809375 0.51953125 0.38957905 0.51953125 0.37654964999999996 0.5107421875 0.37003495000000003 0.5068359375 0.3726408296875
0 0.4970703125 0.351793790625 0.4921875 0.3609143703125 0.4921875 0.36612613125000004 0.4990234375 0.3752467109375 0.50390625 0.37394377031250003 0.509765625 0.36873201093749997 0.51171875 0.3557026109375 0.5068359375 0.351793790625 0.4970703125 0.351793790625
0 0.5537109375 0.3804584703125 0.546875 0.3869731703125 0.5537109375 0.40130550937500004 0.5576171875 0.4039113890625 0.5625 0.40260844999999995 0.564453125 0.40000257031249997 0.564453125 0.3869731703125 0.5595703125 0.3804584703125 0.5537109375 0.3804584703125
0 0.5400390625 0.351793790625 0.537109375 0.3557026109375 0.537109375 0.36352025 0.54296875 0.3791555296875 0.552734375 0.3791555296875 0.556640625 0.37394377031250003 0.5546875 0.36352025 0.5498046875 0.35439967031249997 0.5400390625 0.351793790625
0 0.5341796875 0.3726408296875 0.53125 0.3791555296875 0.53125 0.384367290625 0.5341796875 0.38827611093750003 0.5380859375 0.38827611093750003 0.5400390625 0.390881990625 0.54296875 0.38957905 0.544921875 0.3869731703125 0.54296875 0.37654964999999996 0.5400390625 0.3726408296875 0.5341796875 0.3726408296875
0 0.517578125 0.3609143703125 0.517578125 0.371337890625 0.5224609375 0.3804584703125 0.529296875 0.3791555296875 0.53125 0.3609143703125 0.5263671875 0.35439967031249997 0.5205078125 0.35439967031249997 0.517578125 0.3609143703125
0 0.5224609375 0.33094675156250003 0.5166015625 0.3361585125 0.5146484375 0.33355263125 0.509765625 0.34006733125 0.509765625 0.3478849703125 0.513671875 0.35309673125 0.51171875 0.3557026109375 0.5126953125 0.35961143125 0.533203125 0.3609143703125 0.537109375 0.358308490625 0.5390625 0.3452790921875 0.5263671875 0.33094675156250003 0.5224609375 0.33094675156250003
0 0.509765625 0.321826171875 0.5009765625 0.3127055921875 0.4931640625 0.3127055921875 0.48828125 0.3192202921875 0.494140625 0.32964381249999997 0.490234375 0.33485557187500004 0.4951171875 0.34658203125 0.50390625 0.3452790921875 0.5068359375 0.3439761515625 0.509765625 0.33746145156249996 0.5078125 0.33485557187500004 0.509765625 0.321826171875
0 0.4892578125 0.3179173515625 0.4873046875 0.32052323125000004 0.4814453125 0.32052323125000004 0.478515625 0.3244320515625 0.4765625 0.32964381249999997 0.4765625 0.34267321093750003 0.4794921875 0.34658203125 0.498046875 0.3452790921875 0.494140625 0.34267321093750003 0.49609375 0.32703793124999997 0.4931640625 0.3257349921875 0.4892578125 0.3179173515625
0 0.7353515625 0.3257349921875 0.7265625 0.33485557187500004 0.7333984375 0.3413702703125 0.744140625 0.34006733125 0.748046875 0.33485557187500004 0.748046875 0.32964381249999997 0.7412109375 0.3231291125 0.7353515625 0.3257349921875
0 0.7099609375 0.3257349921875 0.705078125 0.32964381249999997 0.703125 0.34006733125 0.7060546875 0.3439761515625 0.7119140625 0.3439761515625 0.7138671875 0.34658203125 0.720703125 0.3452790921875 0.724609375 0.34006733125 0.724609375 0.33485557187500004 0.7197265625 0.328340871875 0.7099609375 0.3257349921875
0 0.6943359375 0.3387643921875 0.6884765625 0.3439761515625 0.6806640625 0.3439761515625 0.677734375 0.3478849703125 0.6787109375 0.3570055515625 0.6865234375 0.3622173109375 0.693359375 0.3609143703125 0.701171875 0.3504908515625 0.701171875 0.3452790921875 0.6982421875 0.3387643921875 0.6943359375 0.3387643921875
0 0.7119140625 0.3439761515625 0.703125 0.3452790921875 0.701171875 0.35309673125 0.7080078125 0.364823190625 0.7119140625 0.3674290703125 0.720703125 0.36612613125000004 0.7265625 0.3557026109375 0.7216796875 0.34658203125 0.7138671875 0.34658203125 0.7119140625 0.3439761515625
0 0.7333984375 0.3439761515625 0.728515625 0.35309673125 0.7353515625 0.35961143125 0.7421875 0.358308490625 0.74609375 0.3504908515625 0.74609375 0.3452790921875 0.7412109375 0.3413702703125 0.7333984375 0.3439761515625
0 0.748046875 0.34267321093750003 0.7490234375 0.35439967031249997 0.7587890625 0.3570055515625 0.7626953125 0.3622173109375 0.76953125 0.3609143703125 0.771484375 0.3557026109375 0.7626953125 0.3413702703125 0.7529296875 0.3387643921875 0.748046875 0.34267321093750003
0 0.7587890625 0.3570055515625 0.7548828125 0.3570055515625 0.74609375 0.36612613125000004 0.74609375 0.36873201093749997 0.7509765625 0.3726408296875 0.7568359375 0.38306435 0.763671875 0.3817614109375 0.767578125 0.37654964999999996 0.767578125 0.36873201093749997 0.7646484375 0.3622173109375 0.7587890625 0.3570055515625
0 0.7421875 0.3504908515625 0.7353515625 0.3491879109375 0.7333984375 0.34658203125 0.73046875 0.35309673125 0.73828125 0.3557026109375 0.7314453125 0.3570055515625 0.7265625 0.36873201093749997 0.7333984375 0.377852590625 0.740234375 0.37654964999999996 0.744140625 0.36873201093749997 0.744140625 0.36352025 0.740234375 0.358308490625 0.7421875 0.3504908515625
0 0.6640625 0.36612613125000004 0.6640625 0.37654964999999996 0.671875 0.37654964999999996 0.677734375 0.36612613125000004 0.6767578125 0.351793790625 0.6728515625 0.351793790625 0.6640625 0.36612613125000004
0 0.67578125 0.37394377031250003 0.67578125 0.3869731703125 0.681640625 0.3869731703125 0.6875 0.3817614109375 0.6875 0.36873201093749997 0.6845703125 0.364823190625 0.67578125 0.37394377031250003
0 0.7060546875 0.3674290703125 0.7041015625 0.364823190625 0.6923828125 0.364823190625 0.689453125 0.371337890625 0.689453125 0.37654964999999996 0.6962890625 0.3856702296875 0.705078125 0.384367290625 0.7099609375 0.38306435 0.71484375 0.37394377031250003 0.7099609375 0.3674290703125 0.7060546875 0.3674290703125
0 0.7763671875 0.37003495000000003 0.7734375 0.37394377031250003 0.7734375 0.3869731703125 0.7783203125 0.390881990625 0.7822265625 0.3986996296875 0.7861328125 0.40130550937500004 0.7890625 0.40000257031249997 0.79296875 0.394790809375 0.79296875 0.3869731703125 0.7822265625 0.37003495000000003 0.7763671875 0.37003495000000003
0 0.7353515625 0.3752467109375 0.7314453125 0.3752467109375 0.7255859375 0.37003495000000003 0.7177734375 0.37003495000000003 0.71484375 0.37394377031250003 0.71484375 0.3869731703125 0.7216796875 0.3986996296875 0.724609375 0.397396690625 0.7275390625 0.3934878703125 0.7373046875 0.390881990625 0.740234375 0.384367290625 0.7353515625 0.3752467109375
0 0.75390625 0.384367290625 0.7509765625 0.3752467109375 0.744140625 0.3791555296875 0.7470703125 0.3856702296875 0.75390625 0.384367290625
0 0.7490234375 0.390881990625 0.7421875 0.397396690625 0.7421875 0.40521432968750004 0.7451171875 0.40912315 0.7490234375 0.41172902968749997 0.755859375 0.41042608906250005 0.759765625 0.40521432968750004 0.759765625 0.394790809375 0.7568359375 0.390881990625 0.7490234375 0.390881990625
0 0.7861328125 0.40651727031249996 0.78125 0.40000257031249997 0.78125 0.394790809375 0.7783203125 0.390881990625 0.7744140625 0.38827611093750003 0.7666015625 0.38827611093750003 0.76171875 0.394790809375 0.76171875 0.40521432968750004 0.7705078125 0.4169407890625 0.775390625 0.41563785 0.7822265625 0.41172902968749997 0.79296875 0.41042608906250005 0.7900390625 0.40651727031249996 0.7861328125 0.40651727031249996
0 0.779296875 0.4130319703125 0.779296875 0.4182437296875 0.7841796875 0.427364309375 0.79296875 0.42606136875 0.794921875 0.420849609375 0.79296875 0.40782020937499996 0.7841796875 0.40651727031249996 0.779296875 0.4130319703125
0 0.794921875 0.4182437296875 0.794921875 0.4312731296875 0.7998046875 0.440393709375 0.8046875 0.43909076875 0.806640625 0.4364848890625 0.8046875 0.4182437296875 0.7978515625 0.41433490937500006 0.794921875 0.4182437296875
0 0.7314453125 0.3934878703125 0.724609375 0.40000257031249997 0.7255859375 0.40912315 0.7294921875 0.41172902968749997 0.736328125 0.41042608906250005 0.740234375 0.40521432968750004 0.740234375 0.397396690625 0.7373046875 0.3934878703125 0.7314453125 0.3934878703125
0 0.7080078125 0.3934878703125 0.703125 0.40000257031249997 0.7080078125 0.40912315 0.7119140625 0.41172902968749997 0.71875 0.41042608906250005 0.720703125 0.40782020937499996 0.720703125 0.397396690625 0.7158203125 0.390881990625 0.7080078125 0.3934878703125
0 0.6962890625 0.38306435 0.6923828125 0.38306435 0.6875 0.3921849296875 0.6943359375 0.4039113890625 0.697265625 0.40260844999999995 0.7021484375 0.3986996296875 0.7041015625 0.40130550937500004 0.705078125 0.397396690625 0.6962890625 0.38306435
0 0.6806640625 0.3934878703125 0.677734375 0.397396690625 0.677734375 0.40782020937499996 0.6826171875 0.41433490937500006 0.69140625 0.4130319703125 0.693359375 0.41042608906250005 0.69140625 0.397396690625 0.6884765625 0.3934878703125 0.6806640625 0.3934878703125
0 0.6650390625 0.3856702296875 0.66015625 0.394790809375 0.662109375 0.41042608906250005 0.669921875 0.41042608906250005 0.67578125 0.40260844999999995 0.67578125 0.38957905 0.6728515625 0.3856702296875 0.6650390625 0.3856702296875
0 0.65234375 0.3817614109375 0.65234375 0.3921849296875 0.6572265625 0.3986996296875 0.658203125 0.397396690625 0.66015625 0.3921849296875 0.66015625 0.3791555296875 0.6552734375 0.377852590625 0.65234375 0.3817614109375
0 0.64453125 0.40000257031249997 0.640625 0.4130319703125 0.640625 0.4182437296875 0.6435546875 0.42215255 0.646484375 0.420849609375 0.650390625 0.41563785 0.650390625 0.40260844999999995 0.6474609375 0.3986996296875 0.64453125 0.40000257031249997
0 0.6513671875 0.41172902968749997 0.6484375 0.41563785 0.6484375 0.433879009375 0.6513671875 0.4377878296875 0.654296875 0.4364848890625 0.658203125 0.42866725 0.66015625 0.4182437296875 0.6552734375 0.41172902968749997 0.6513671875 0.41172902968749997
0 0.6611328125 0.42215255 0.658203125 0.42606136875 0.658203125 0.433879009375 0.6611328125 0.4377878296875 0.666015625 0.4364848890625 0.6708984375 0.43257606875 0.671875 0.42866725 0.6669921875 0.42215255 0.6611328125 0.42215255
0 0.6748046875 0.41433490937500006 0.669921875 0.4182437296875 0.669921875 0.42606136875 0.6748046875 0.43257606875 0.68359375 0.4312731296875 0.689453125 0.42606136875 0.689453125 0.4182437296875 0.6865234375 0.41433490937500006 0.6748046875 0.41433490937500006
0 0.6962890625 0.41172902968749997 0.69140625 0.4182437296875 0.693359375 0.4312731296875 0.6982421875 0.4351819484375 0.70703125 0.433879009375 0.71484375 0.42866725 0.71484375 0.4182437296875 0.7060546875 0.41172902968749997 0.6962890625 0.41172902968749997
0 0.7236328125 0.40912315 0.7197265625 0.41172902968749997 0.71484375 0.420849609375 0.7216796875 0.43257606875 0.728515625 0.4312731296875 0.734375 0.42606136875 0.734375 0.4182437296875 0.7294921875 0.41172902968749997 0.7236328125 0.40912315
0 0.734375 0.4130319703125 0.734375 0.42606136875 0.7412109375 0.43257606875 0.74609375 0.4312731296875 0.748046875 0.42606136875 0.748046875 0.4130319703125 0.7392578125 0.40651727031249996 0.734375 0.4130319703125
0 0.7568359375 0.41172902968749997 0.751953125 0.4182437296875 0.751953125 0.42866725 0.7568359375 0.4351819484375 0.76171875 0.433879009375 0.765625 0.42866725 0.767578125 0.4182437296875 0.7607421875 0.41172902968749997 0.7568359375 0.41172902968749997
0 0.7685546875 0.4195466703125 0.76171875 0.433879009375 0.76171875 0.44430252968749995 0.7646484375 0.4482113484375 0.771484375 0.4469084078125 0.78125 0.4312731296875 0.78125 0.42606136875 0.7763671875 0.4195466703125 0.7685546875 0.4195466703125
0 0.7783203125 0.440393709375 0.7734375 0.44430252968749995 0.7734375 0.45993780781250004 0.7783203125 0.46645250781250003 0.783203125 0.46514956874999996 0.787109375 0.45472604843750003 0.787109375 0.4469084078125 0.7822265625 0.440393709375 0.7783203125 0.440393709375
0 0.7998046875 0.44299958906250003 0.794921875 0.4495142890625 0.794921875 0.4625436875 0.8017578125 0.47166426875 0.806640625 0.470361328125 0.810546875 0.45993780781250004 0.810546875 0.45212016874999994 0.8037109375 0.44299958906250003 0.7998046875 0.44299958906250003
0 0.78515625 0.47296720781249996 0.7900390625 0.47687602812499996 0.794921875 0.47557308750000005 0.794921875 0.4625436875 0.7880859375 0.45863486875000004 0.78515625 0.4625436875 0.78515625 0.47296720781249996
0 0.7939453125 0.4742701484375 0.7890625 0.48078484843749997 0.7890625 0.493814246875 0.7939453125 0.5055407078124999 0.80078125 0.5042377671875 0.8046875 0.496420128125 0.8046875 0.47817896718749997 0.8017578125 0.4742701484375 0.7939453125 0.4742701484375
0 0.7763671875 0.47687602812499996 0.7734375 0.48078484843749997 0.771484375 0.4990260078125 0.7783203125 0.5107524671875 0.787109375 0.5094495265625001 0.791015625 0.5016318875 0.7890625 0.4886024875 0.7802734375 0.47687602812499996 0.7763671875 0.47687602812499996
0 0.7607421875 0.4482113484375 0.7578125 0.45212016874999994 0.7578125 0.457331928125 0.76171875 0.46514956874999996 0.76171875 0.47557308750000005 0.7646484375 0.4794819078125 0.7734375 0.47817896718749997 0.77734375 0.47296720781249996 0.775390625 0.46514956874999996 0.7646484375 0.4482113484375 0.7607421875 0.4482113484375
0 0.7451171875 0.43257606875 0.7421875 0.4364848890625 0.7421875 0.44430252968749995 0.7470703125 0.4534231078125 0.7509765625 0.4560289875 0.75390625 0.45472604843750003 0.7578125 0.45212016874999994 0.759765625 0.43909076875 0.7548828125 0.43257606875 0.7451171875 0.43257606875
0 0.71875 0.4416966484375 0.720703125 0.44430252968749995 0.720703125 0.4495142890625 0.73046875 0.4495142890625 0.736328125 0.43909076875 0.7314453125 0.43257606875 0.7236328125 0.43257606875 0.71875 0.4416966484375
0 0.7080078125 0.4351819484375 0.705078125 0.43909076875 0.705078125 0.4495142890625 0.7080078125 0.4534231078125 0.71484375 0.45212016874999994 0.71875 0.4495142890625 0.71875 0.43909076875 0.7138671875 0.4351819484375 0.7080078125 0.4351819484375
0 0.69140625 0.4469084078125 0.69140625 0.45472604843750003 0.693359375 0.457331928125 0.693359375 0.4625436875 0.6962890625 0.46645250781250003 0.69921875 0.46514956874999996 0.705078125 0.4469084078125 0.7001953125 0.4377878296875 0.6962890625 0.4377878296875 0.69140625 0.4469084078125
0 0.6826171875 0.4351819484375 0.6796875 0.43909076875 0.6796875 0.45212016874999994 0.689453125 0.45212016874999994 0.69140625 0.4495142890625 0.69140625 0.43909076875 0.6884765625 0.4351819484375 0.6826171875 0.4351819484375
0 0.666015625 0.43909076875 0.666015625 0.45212016874999994 0.6689453125 0.45863486875000004 0.673828125 0.457331928125 0.677734375 0.4495142890625 0.677734375 0.43909076875 0.6708984375 0.4351819484375 0.666015625 0.43909076875
0 0.6630859375 0.440393709375 0.6572265625 0.440393709375 0.654296875 0.44430252968749995 0.654296875 0.457331928125 0.6591796875 0.46384662812500005 0.6640625 0.4625436875 0.66796875 0.457331928125 0.666015625 0.45472604843750003 0.666015625 0.44430252968749995 0.6630859375 0.440393709375
0 0.640625 0.45212016874999994 0.640625 0.46514956874999996 0.6455078125 0.4742701484375 0.650390625 0.47296720781249996 0.65234375 0.470361328125 0.654296875 0.45472604843750003 0.6455078125 0.4482113484375 0.640625 0.45212016874999994
0 0.6552734375 0.46905838749999995 0.650390625 0.47817896718749997 0.650390625 0.4859966078125 0.6533203125 0.4925113078125 0.6572265625 0.4951171875 0.66015625 0.493814246875 0.6640625 0.4886024875 0.6640625 0.48078484843749997 0.66015625 0.47296720781249996 0.6552734375 0.46905838749999995
0 0.6630859375 0.46384662812500005 0.662109375 0.47296720781249996 0.6640625 0.47817896718749997 0.671875 0.47817896718749997 0.67578125 0.47296720781249996 0.673828125 0.46514956874999996 0.6708984375 0.46124074843749996 0.6630859375 0.46384662812500005
0 0.6787109375 0.4560289875 0.673828125 0.46514956874999996 0.673828125 0.47296720781249996 0.6787109375 0.4794819078125 0.6796875 0.47817896718749997 0.689453125 0.46775544843750005 0.689453125 0.4625436875 0.6845703125 0.4560289875 0.6787109375 0.4560289875
0 0.693359375 0.47817896718749997 0.693359375 0.4886024875 0.6982421875 0.4925113078125 0.703125 0.4912083671875 0.70703125 0.4859966078125 0.708984375 0.47557308750000005 0.6982421875 0.47166426875 0.693359375 0.47817896718749997
0 0.7119140625 0.46645250781250003 0.7109375 0.4625436875 0.7080078125 0.46124074843749996 0.705078125 0.46775544843750005 0.70703125 0.470361328125 0.708984375 0.483390728125 0.7158203125 0.4925113078125 0.72265625 0.4912083671875 0.7265625 0.4859966078125 0.724609375 0.47296720781249996 0.7177734375 0.46645250781250003 0.7119140625 0.46645250781250003
0 0.7197265625 0.45081722968750004 0.712890625 0.4625436875 0.7216796875 0.47166426875 0.7265625 0.470361328125 0.728515625 0.46775544843750005 0.728515625 0.457331928125 0.7236328125 0.45081722968750004 0.7197265625 0.45081722968750004
0 0.73046875 0.45212016874999994 0.732421875 0.45472604843750003 0.732421875 0.4625436875 0.740234375 0.4625436875 0.744140625 0.45212016874999994 0.7392578125 0.44299958906250003 0.7353515625 0.44299958906250003 0.73046875 0.45212016874999994
0 0.728515625 0.47817896718749997 0.728515625 0.4859966078125 0.7333984375 0.4925113078125 0.73828125 0.4912083671875 0.7421875 0.483390728125 0.7421875 0.470361328125 0.7353515625 0.46645250781250003 0.728515625 0.47817896718749997
0 0.7529296875 0.46384662812500005 0.7490234375 0.46384662812500005 0.74609375 0.46775544843750005 0.748046875 0.470361328125 0.74609375 0.47296720781249996 0.744140625 0.4859966078125 0.7509765625 0.4951171875 0.755859375 0.493814246875 0.76171875 0.483390728125 0.7578125 0.470361328125 0.7548828125 0.46905838749999995 0.7529296875 0.46384662812500005
0 0.7685546875 0.48469366718750007 0.7607421875 0.48469366718750007 0.755859375 0.4912083671875 0.755859375 0.496420128125 0.7578125 0.4990260078125 0.7578125 0.5042377671875 0.7626953125 0.5107524671875 0.765625 0.5094495265625001 0.76953125 0.5068436468749999 0.76953125 0.5016318875 0.7734375 0.4912083671875 0.7685546875 0.48469366718750007
0 0.7333984375 0.4951171875 0.73046875 0.4990260078125 0.73046875 0.5042377671875 0.7373046875 0.513358346875 0.7412109375 0.5159642265625 0.74609375 0.5146612875 0.75390625 0.5068436468749999 0.75390625 0.5016318875 0.7490234375 0.4951171875 0.7333984375 0.4951171875
0 0.7568359375 0.5081465875 0.7529296875 0.5081465875 0.748046875 0.5146612875 0.744140625 0.52508480625 0.744140625 0.5485377265625 0.7509765625 0.55765830625 0.755859375 0.556355365625 0.76171875 0.5511436062499999 0.759765625 0.5276906875 0.763671875 0.5172671671875 0.7568359375 0.5081465875
0 0.7646484375 0.5211759875 0.76171875 0.5276906875 0.76171875 0.5433259671874999 0.7646484375 0.5472347859375 0.775390625 0.5459318453125 0.779296875 0.5407200859375 0.77734375 0.52508480625 0.7685546875 0.51857010625 0.7646484375 0.5211759875
0 0.802734375 0.5146612875 0.7998046875 0.5107524671875 0.7919921875 0.5107524671875 0.787109375 0.5172671671875 0.787109375 0.52508480625 0.7841796875 0.5289936265625 0.7822265625 0.5289936265625 0.779296875 0.5224789265625 0.78125 0.519873046875 0.77734375 0.519873046875 0.779296875 0.5407200859375 0.7841796875 0.5420230265625 0.7880859375 0.5472347859375 0.79296875 0.5459318453125 0.80078125 0.5355083265625 0.80078125 0.5302965671875 0.802734375 0.5276906875 0.802734375 0.5146612875
0 0.775390625 0.519873046875 0.775390625 0.52508480625 0.7783203125 0.5289936265625 0.787109375 0.5276906875 0.7890625 0.52508480625 0.7880859375 0.5159642265625 0.7802734375 0.513358346875 0.775390625 0.519873046875
0 0.6669921875 0.48469366718750007 0.6640625 0.4912083671875 0.6640625 0.5016318875 0.6669921875 0.5055407078124999 0.67578125 0.5042377671875 0.677734375 0.4912083671875 0.67578125 0.4859966078125 0.6708984375 0.4820877875 0.6669921875 0.48469366718750007
0 0.677734375 0.483390728125 0.677734375 0.496420128125 0.6845703125 0.502934828125 0.6875 0.5016318875 0.693359375 0.4912083671875 0.6884765625 0.4820877875 0.6806640625 0.4794819078125 0.677734375 0.483390728125
0 0.69140625 0.5068436468749999 0.693359375 0.5172671671875 0.7001953125 0.5237818671875 0.703125 0.5224789265625 0.708984375 0.5120554078125 0.7001953125 0.502934828125 0.6943359375 0.502934828125 0.69140625 0.5068436468749999
0 0.7138671875 0.4951171875 0.708984375 0.5042377671875 0.708984375 0.5146612875 0.7138671875 0.51857010625 0.71484375 0.5172671671875 0.724609375 0.5094495265625001 0.724609375 0.4990260078125 0.7216796875 0.4951171875 0.7138671875 0.4951171875
0 0.7255859375 0.5081465875 0.72265625 0.5120554078125 0.72265625 0.5355083265625 0.7294921875 0.5420230265625 0.736328125 0.5407200859375 0.7421875 0.532902446875 0.7421875 0.52508480625 0.7314453125 0.5081465875 0.7255859375 0.5081465875
0 0.7099609375 0.51857010625 0.703125 0.52508480625 0.703125 0.5302965671875 0.708984375 0.5407200859375 0.7109375 0.5459318453125 0.708984375 0.5485377265625 0.712890625 0.556355365625 0.71875 0.556355365625 0.720703125 0.5537494859375001 0.72265625 0.532902446875 0.7138671875 0.51857010625 0.7099609375 0.51857010625
0 0.6494140625 0.4977230671875 0.6484375 0.5120554078125 0.65234375 0.52508480625 0.65625 0.52508480625 0.658203125 0.5224789265625 0.658203125 0.5042377671875 0.6533203125 0.4977230671875 0.6494140625 0.4977230671875
0 0.669921875 0.5120554078125 0.6611328125 0.502934828125 0.65625 0.5094495265625001 0.65625 0.52508480625 0.66015625 0.5302965671875 0.662109375 0.5381142062500001 0.6640625 0.5381142062500001 0.669921875 0.532902446875 0.671875 0.519873046875 0.669921875 0.5172671671875 0.669921875 0.5120554078125
0 0.669921875 0.5146612875 0.669921875 0.519873046875 0.6748046875 0.5289936265625 0.677734375 0.5276906875 0.681640625 0.5172671671875 0.6767578125 0.5081465875 0.6728515625 0.5081465875 0.669921875 0.5146612875
0 0.6845703125 0.5107524671875 0.681640625 0.5146612875 0.681640625 0.519873046875 0.68359375 0.5224789265625 0.681640625 0.5355083265625 0.68359375 0.5381142062500001 0.68359375 0.5433259671874999 0.6884765625 0.549840665625 0.693359375 0.5511436062499999 0.697265625 0.5433259671874999 0.69921875 0.5276906875 0.6884765625 0.5107524671875 0.6845703125 0.5107524671875
0 0.677734375 0.5355083265625 0.6689453125 0.5342053875 0.669921875 0.5537494859375001 0.6748046875 0.5602641859374999 0.681640625 0.5589612453125 0.68359375 0.556355365625 0.68359375 0.5485377265625 0.6796875 0.5433259671874999 0.677734375 0.5355083265625
0 0.7021484375 0.5732935859375 0.6943359375 0.5628700656250001 0.6845703125 0.5602641859374999 0.681640625 0.5667788859375 0.685546875 0.5719906453125 0.685546875 0.5772024046875 0.6923828125 0.5837171046875 0.697265625 0.582414165625 0.7041015625 0.5758994656249999 0.70703125 0.569384765625 0.7041015625 0.5654759453125 0.7021484375 0.5732935859375
0 0.69921875 0.5537494859375001 0.69921875 0.5615671250000001 0.7060546875 0.5680818249999999 0.7109375 0.5667788859375 0.716796875 0.556355365625 0.7099609375 0.549840665625 0.7021484375 0.549840665625 0.69921875 0.5537494859375001
0 0.716796875 0.5589612453125 0.716796875 0.5667788859375 0.7216796875 0.5732935859375 0.7255859375 0.5732935859375 0.7275390625 0.5706877046875001 0.7314453125 0.5706877046875001 0.7333984375 0.5732935859375 0.740234375 0.5719906453125 0.744140625 0.5485377265625 0.7392578125 0.54462890625 0.7314453125 0.54462890625 0.716796875 0.5589612453125
0 0.73828125 0.5798082859375 0.7314453125 0.5732935859375 0.7236328125 0.5732935859375 0.72265625 0.5798082859375 0.716796875 0.5902318046875 0.716796875 0.595443565625 0.7197265625 0.599352384375 0.7265625 0.5980494453125 0.7294921875 0.594140625 0.7353515625 0.594140625 0.740234375 0.587625925 0.73828125 0.5798082859375
0 0.7470703125 0.5628700656250001 0.7421875 0.569384765625 0.740234375 0.5798082859375 0.7431640625 0.5863229859375 0.751953125 0.5850200453125 0.759765625 0.574596525 0.759765625 0.5667788859375 0.7548828125 0.5628700656250001 0.7470703125 0.5628700656250001
0 0.7666015625 0.5472347859375 0.759765625 0.5537494859375001 0.7578125 0.56417300625 0.7626953125 0.5732935859375 0.771484375 0.5719906453125 0.775390625 0.5615671250000001 0.7734375 0.5589612453125 0.7734375 0.5537494859375001 0.7666015625 0.5472347859375