0 0.255859375 0.28794973281249997 0.2529296875 0.28404091249999996 0.2470703125 0.28404091249999996 0.2451171875 0.2866467921875 0.2333984375 0.28404091249999996 0.228515625 0.2931614921875 0.228515625 0.30358501250000003 0.2314453125 0.3074938328125 0.236328125 0.308796771875 0.2412109375 0.302282071875 0.2509765625 0.302282071875 0.2548828125 0.2996761921875 0.255859375 0.28794973281249997
0 0.2666015625 0.28143503281250004 0.2578125 0.2905556125 0.2626953125 0.2996761921875 0.2666015625 0.2996761921875 0.2724609375 0.304887953125 0.275390625 0.30358501250000003 0.28125 0.3009791328125 0.28125 0.2905556125 0.2744140625 0.28143503281250004 0.2666015625 0.28143503281250004
0 0.294921875 0.30358501250000003 0.2900390625 0.2970703125 0.2861328125 0.2970703125 0.28125 0.30358501250000003 0.28125 0.3192202921875 0.2900390625 0.3257349921875 0.296875 0.3244320515625 0.298828125 0.321826171875 0.298828125 0.3140085328125 0.294921875 0.308796771875 0.294921875 0.30358501250000003
0 0.3017578125 0.328340871875 0.2939453125 0.3257349921875 0.2890625 0.33485557187500004 0.29296875 0.3452790921875 0.29296875 0.3557026109375 0.2958984375 0.3622173109375 0.2998046875 0.364823190625 0.302734375 0.36352025 0.3125 0.3478849703125 0.3125 0.34267321093750003 0.3056640625 0.3361585125 0.3017578125 0.328340871875
0 0.2626953125 0.33094675156250003 0.259765625 0.33485557187500004 0.259765625 0.34006733125 0.263671875 0.3452790921875 0.263671875 0.358308490625 0.2685546875 0.364823190625 0.275390625 0.36352025 0.28125 0.34267321093750003 0.28125 0.3322496921875 0.2783203125 0.328340871875 0.2626953125 0.33094675156250003
0 0.2529296875 0.3231291125 0.2490234375 0.3231291125 0.24609375 0.32703793124999997 0.240234375 0.3452790921875 0.2421875 0.3478849703125 0.2421875 0.35309673125 0.2470703125 0.3570055515625 0.248046875 0.3557026109375 0.2509765625 0.35439967031249997 0.2578125 0.34267321093750003 0.2578125 0.3322496921875 0.2529296875 0.3231291125
0 0.234375 0.3322496921875 0.234375 0.32703793124999997 0.240234375 0.32703793124999997 0.23828125 0.3166144125 0.2353515625 0.3127055921875 0.2294921875 0.3127055921875 0.224609375 0.3192202921875 0.224609375 0.32703793124999997 0.216796875 0.33746145156249996 0.216796875 0.3478849703125 0.2216796875 0.35439967031249997 0.224609375 0.35309673125 0.23046875 0.3478849703125 0.23046875 0.34006733125 0.236328125 0.33485557187500004 0.234375 0.3322496921875
0 0.2197265625 0.3570055515625 0.216796875 0.3609143703125 0.21484375 0.3791555296875 0.2216796875 0.38827611093750003 0.2265625 0.3869731703125 0.232421875 0.37654964999999996 0.232421875 0.36873201093749997 0.2255859375 0.3570055515625 0.2197265625 0.3570055515625
0 0.251953125 0.3609143703125 0.2470703125 0.3570055515625 0.2412109375 0.3570055515625 0.236328125 0.36352025 0.23828125 0.37394377031250003 0.23046875 0.384367290625 0.23046875 0.3921849296875 0.2392578125 0.4039113890625 0.25 0.40260844999999995 0.25390625 0.394790809375 0.25390625 0.384367290625 0.25 0.3791555296875 0.251953125 0.3609143703125
0 0.3046875 0.371337890625 0.2998046875 0.364823190625 0.2919921875 0.3674290703125 0.2861328125 0.377852590625 0.2763671875 0.3804584703125 0.2734375 0.3869731703125 0.2734375 0.3921849296875 0.2822265625 0.40130550937500004 0.2900390625 0.39609375 0.2958984375 0.40651727031249996 0.2998046875 0.40651727031249996 0.3017578125 0.40912315 0.310546875 0.40782020937499996 0.314453125 0.40000257031249997 0.314453125 0.394790809375 0.3046875 0.384367290625 0.3046875 0.371337890625
0 0.2734375 0.397396690625 0.2734375 0.3869731703125 0.2705078125 0.38306435 0.2646484375 0.38306435 0.259765625 0.38957905 0.259765625 0.394790809375 0.25390625 0.40000257031249997 0.251953125 0.41042608906250005 0.2548828125 0.41433490937500006 0.2587890625 0.41433490937500006 0.2626953125 0.42215255 0.271484375 0.420849609375 0.2734375 0.41563785 0.2734375 0.40521432968750004 0.271484375 0.40260844999999995 0.2734375 0.397396690625
0 0.30078125 0.420849609375 0.2958984375 0.41172902968749997 0.2880859375 0.41172902968749997 0.2841796875 0.4039113890625 0.2783203125 0.4039113890625 0.2734375 0.41042608906250005 0.2734375 0.4182437296875 0.27734375 0.42345548906249997 0.27734375 0.42866725 0.2734375 0.433879009375 0.2734375 0.4469084078125 0.2783203125 0.45081722968750004 0.283203125 0.4495142890625 0.287109375 0.44430252968749995 0.287109375 0.43909076875 0.298828125 0.42866725 0.30078125 0.420849609375
0 0.2568359375 0.427364309375 0.25390625 0.4312731296875 0.25390625 0.4416966484375 0.251953125 0.44430252968749995 0.2646484375 0.4534231078125 0.271484375 0.45212016874999994 0.275390625 0.44430252968749995 0.2666015625 0.4351819484375 0.2626953125 0.427364309375 0.2568359375 0.427364309375
0 0.25 0.4130319703125 0.2412109375 0.4039113890625 0.2353515625 0.41172902968749997 0.2275390625 0.41172902968749997 0.224609375 0.41563785 0.2265625 0.4312731296875 0.234375 0.4312731296875 0.2373046875 0.427364309375 0.2431640625 0.427364309375 0.25 0.420849609375 0.25 0.4130319703125
0 0.48828125 0.3166144125 0.4814453125 0.304887953125 0.4736328125 0.304887953125 0.470703125 0.308796771875 0.470703125 0.3192202921875 0.462890625 0.32703793124999997 0.462890625 0.3322496921875 0.4609375 0.33485557187500004 0.4658203125 0.34658203125 0.47265625 0.3452790921875 0.4794921875 0.3361585125 0.4853515625 0.33355263125 0.48828125 0.32703793124999997 0.48828125 0.3166144125
0 0.513671875 0.308796771875 0.5087890625 0.302282071875 0.4912109375 0.302282071875 0.48828125 0.3061908921875 0.48828125 0.3140085328125 0.494140625 0.321826171875 0.4921875 0.3244320515625 0.4921875 0.33485557187500004 0.4951171875 0.3387643921875 0.50390625 0.33746145156249996 0.505859375 0.33485557187500004 0.505859375 0.32703793124999997 0.513671875 0.3166144125 0.513671875 0.308796771875
0 0.541015625 0.3244320515625 0.53125 0.3140085328125 0.53125 0.308796771875 0.5263671875 0.302282071875 0.5205078125 0.302282071875 0.517578125 0.3061908921875 0.515625 0.3114026515625 0.517578125 0.32703793124999997 0.513671875 0.33485557187500004 0.515625 0.34006733125 0.513671875 0.34267321093750003 0.513671875 0.3478849703125 0.5166015625 0.351793790625 0.5234375 0.3504908515625 0.5263671875 0.3413702703125 0.5322265625 0.3413702703125 0.541015625 0.3322496921875 0.541015625 0.3244320515625
0 0.5302734375 0.3439761515625 0.521484375 0.35309673125 0.521484375 0.3609143703125 0.5283203125 0.37003495000000003 0.53515625 0.36873201093749997 0.54296875 0.3609143703125 0.54296875 0.3504908515625 0.5380859375 0.3439761515625 0.5302734375 0.3439761515625
0 0.560546875 0.3791555296875 0.560546875 0.371337890625 0.5556640625 0.364823190625 0.5498046875 0.364823190625 0.5419921875 0.3726408296875 0.5390625 0.3791555296875 0.5478515625 0.3986996296875 0.5546875 0.397396690625 0.55859375 0.3921849296875 0.556640625 0.38957905 0.556640625 0.384367290625 0.560546875 0.3791555296875
0 0.5322265625 0.3934878703125 0.533203125 0.3869731703125 0.5302734375 0.38306435 0.5263671875 0.3856702296875 0.521484375 0.3921849296875 0.521484375 0.40000257031249997 0.5244140625 0.4039113890625 0.5302734375 0.4039113890625 0.5361328125 0.41433490937500006 0.541015625 0.4130319703125 0.546875 0.40521432968750004 0.546875 0.40000257031249997 0.5419921875 0.3934878703125 0.5322265625 0.3934878703125
0 0.544921875 0.42606136875 0.54296875 0.4182437296875 0.5361328125 0.41172902968749997 0.5263671875 0.4195466703125 0.5244140625 0.4195466703125 0.5205078125 0.41172902968749997 0.5185546875 0.4169407890625 0.5146484375 0.41433490937500006 0.513671875 0.420849609375 0.509765625 0.42606136875 0.509765625 0.433879009375 0.5166015625 0.44299958906250003 0.51953125 0.4416966484375 0.5283203125 0.43257606875 0.5302734375 0.4351819484375 0.5380859375 0.4351819484375 0.544921875 0.42606136875
0 0.4892578125 0.4169407890625 0.48046875 0.42345548906249997 0.48046875 0.4312731296875 0.4873046875 0.44299958906250003 0.5 0.4416966484375 0.501953125 0.43909076875 0.501953125 0.4312731296875 0.4931640625 0.4195466703125 0.4892578125 0.4169407890625
0 0.474609375 0.38957905 0.4599609375 0.38827611093750003 0.45703125 0.3921849296875 0.45703125 0.397396690625 0.4609375 0.40260844999999995 0.462890625 0.41042608906250005 0.4697265625 0.4169407890625 0.474609375 0.41563785 0.4765625 0.4130319703125 0.4765625 0.397396690625 0.474609375 0.394790809375 0.474609375 0.38957905
0 0.49609375 0.371337890625 0.5 0.3609143703125 0.498046875 0.3557026109375 0.4931640625 0.351793790625 0.4853515625 0.351793790625 0.482421875 0.3557026109375 0.482421875 0.36873201093749997 0.47265625 0.37654964999999996 0.47265625 0.3869731703125 0.4873046875 0.40130550937500004 0.494140625 0.40000257031249997 0.5 0.38957905 0.5 0.3817614109375 0.49609375 0.37654964999999996 0.49609375 0.371337890625
0 0.5166015625 0.3570055515625 0.5068359375 0.3570055515625 0.50390625 0.3609143703125 0.50390625 0.36873201093749997 0.505859375 0.371337890625 0.505859375 0.38957905 0.5087890625 0.3934878703125 0.51953125 0.3921849296875 0.521484375 0.3869731703125 0.529296875 0.3791555296875 0.529296875 0.37394377031250003 0.5166015625 0.3570055515625
0 0.4609375 0.3504908515625 0.458984375 0.371337890625 0.4638671875 0.377852590625 0.47265625 0.37654964999999996 0.4765625 0.3609143703125 0.4677734375 0.34658203125 0.4638671875 0.34658203125 0.4609375 0.3504908515625
0 0.7119140625 0.2970703125 0.703125 0.3114026515625 0.703125 0.321826171875 0.7060546875 0.3257349921875 0.71484375 0.3244320515625 0.720703125 0.3166144125 0.720703125 0.30358501250000003 0.7177734375 0.2970703125 0.7119140625 0.2970703125
0 0.74609375 0.3061908921875 0.74609375 0.29837325312499996 0.7431640625 0.29185855312500003 0.7275390625 0.29185855312500003 0.72265625 0.29837325312499996 0.72265625 0.3061908921875 0.73046875 0.3166144125 0.73046875 0.32703793124999997 0.7353515625 0.33355263125 0.73828125 0.3322496921875 0.7412109375 0.33094675156250003 0.744140625 0.3244320515625 0.7421875 0.3140085328125 0.74609375 0.3061908921875
0 0.7685546875 0.3179173515625 0.767578125 0.308796771875 0.7626953125 0.302282071875 0.7529296875 0.302282071875 0.748046875 0.3114026515625 0.75 0.3140085328125 0.75 0.3192202921875 0.744140625 0.3244320515625 0.744140625 0.3322496921875 0.7490234375 0.3387643921875 0.7548828125 0.3387643921875 0.7587890625 0.33094675156250003 0.7626953125 0.33094675156250003 0.7685546875 0.3387643921875 0.775390625 0.33746145156249996 0.779296875 0.32964381249999997 0.779296875 0.3244320515625 0.7744140625 0.3179173515625 0.7685546875 0.3179173515625
0 0.7822265625 0.28925267187500003 0.77734375 0.3009791328125 0.779296875 0.3114026515625 0.7841796875 0.32052323125000004 0.79296875 0.3192202921875 0.794921875 0.3166144125 0.79296875 0.2931614921875 0.7900390625 0.28925267187500003 0.7822265625 0.28925267187500003
0 0.7041015625 0.3387643921875 0.701171875 0.34267321093750003 0.701171875 0.3478849703125 0.703125 0.3504908515625 0.701171875 0.3557026109375 0.701171875 0.36873201093749997 0.7080078125 0.3752467109375 0.712890625 0.37394377031250003 0.7177734375 0.37003495000000003 0.72265625 0.3609143703125 0.7099609375 0.3387643921875 0.7041015625 0.3387643921875
0 0.7275390625 0.328340871875 0.7236328125 0.32052323125000004 0.71484375 0.32703793124999997 0.712890625 0.3322496921875 0.7158203125 0.3387643921875 0.7236328125 0.3413702703125 0.7255859375 0.34658203125 0.734375 0.3452790921875 0.736328125 0.34006733125 0.734375 0.33746145156249996 0.734375 0.3322496921875 0.7275390625 0.328340871875
0 0.763671875 0.3817614109375 0.7666015625 0.3856702296875 0.771484375 0.384367290625 0.7734375 0.3817614109375 0.7724609375 0.377852590625 0.7666015625 0.377852590625 0.763671875 0.3817614109375
0 0.783203125 0.3452790921875 0.7802734375 0.3413702703125 0.7744140625 0.3387643921875 0.7685546875 0.34658203125 0.7607421875 0.34658203125 0.755859375 0.35309673125 0.755859375 0.358308490625 0.7587890625 0.364823190625 0.7626953125 0.3674290703125 0.7705078125 0.3674290703125 0.775390625 0.37394377031250003 0.7734375 0.37654964999999996 0.7744140625 0.377852590625 0.7783203125 0.377852590625 0.7802734375 0.3804584703125 0.787109375 0.3791555296875 0.791015625 0.37654964999999996 0.791015625 0.36352025 0.783203125 0.358308490625 0.783203125 0.3452790921875
0 0.7939453125 0.328340871875 0.7890625 0.33485557187500004 0.7890625 0.34267321093750003 0.791015625 0.3452790921875 0.7890625 0.3478849703125 0.7890625 0.358308490625 0.7939453125 0.3674290703125 0.798828125 0.36612613125000004 0.802734375 0.3609143703125 0.802734375 0.33746145156249996 0.7978515625 0.328340871875 0.7939453125 0.328340871875
0 0.7021484375 0.3934878703125 0.69921875 0.397396690625 0.701171875 0.41563785 0.7099609375 0.42215255 0.716796875 0.420849609375 0.716796875 0.41042608906250005 0.712890625 0.40000257031249997 0.7080078125 0.3934878703125 0.7021484375 0.3934878703125
0 0.732421875 0.36873201093749997 0.7275390625 0.364823190625 0.7236328125 0.364823190625 0.71875 0.371337890625 0.720703125 0.3791555296875 0.7109375 0.3869731703125 0.7109375 0.394790809375 0.7197265625 0.40651727031249996 0.7265625 0.40521432968750004 0.728515625 0.40000257031249997 0.728515625 0.3869731703125 0.732421875 0.3791555296875 0.732421875 0.36873201093749997
0 0.765625 0.37394377031250003 0.7587890625 0.3674290703125 0.75390625 0.371337890625 0.7548828125 0.3752467109375 0.765625 0.37394377031250003
0 0.75390625 0.384367290625 0.7490234375 0.3752467109375 0.7412109375 0.3752467109375 0.73828125 0.3791555296875 0.73828125 0.38957905 0.728515625 0.40000257031249997 0.728515625 0.41042608906250005 0.7353515625 0.4195466703125 0.7451171875 0.4195466703125 0.7509765625 0.4247584296875 0.75390625 0.42345548906249997 0.7578125 0.4182437296875 0.7578125 0.41042608906250005 0.751953125 0.40000257031249997 0.75390625 0.384367290625
0 0.7685546875 0.377852590625 0.7646484375 0.37003495000000003 0.7568359375 0.3674290703125 0.751953125 0.37394377031250003 0.751953125 0.3817614109375 0.759765625 0.38957905 0.759765625 0.40521432968750004 0.7626953125 0.40912315 0.767578125 0.41042608906250005 0.783203125 0.3921849296875 0.783203125 0.3817614109375 0.7724609375 0.3804584703125 0.7685546875 0.377852590625
0 0.7724609375 0.41433490937500006 0.7607421875 0.4169407890625 0.7578125 0.42606136875 0.759765625 0.4312731296875 0.763671875 0.433879009375 0.763671875 0.4469084078125 0.7685546875 0.4534231078125 0.775390625 0.45212016874999994 0.77734375 0.4416966484375 0.783203125 0.4312731296875 0.78125 0.420849609375 0.7724609375 0.41433490937500006