0 0.25390625 0.34267321093750003 0.251953125 0.33746145156249996 0.2470703125 0.33355263125 0.2392578125 0.3361585125 0.236328125 0.34267321093750003 0.236328125 0.3478849703125 0.23046875 0.35309673125 0.23046875 0.36352025 0.2333984375 0.3674290703125 0.240234375 0.36612613125000004 0.2431640625 0.3622173109375 0.2509765625 0.3622173109375 0.25390625 0.358308490625 0.25390625 0.34267321093750003
0 0.279296875 0.32964381249999997 0.28125 0.32703793124999997 0.2763671875 0.3179173515625 0.2705078125 0.3179173515625 0.2646484375 0.3257349921875 0.2568359375 0.3231291125 0.251953125 0.32703793124999997 0.251953125 0.34006733125 0.2568359375 0.34658203125 0.2666015625 0.3439761515625 0.2705078125 0.351793790625 0.2744140625 0.35439967031249997 0.27734375 0.35309673125 0.28125 0.3478849703125 0.28125 0.34006733125 0.279296875 0.33746145156249996 0.279296875 0.32964381249999997
0 0.2958984375 0.302282071875 0.2880859375 0.304887953125 0.28125 0.3114026515625 0.28125 0.3192202921875 0.2861328125 0.3257349921875 0.2919921875 0.3257349921875 0.29296875 0.3322496921875 0.2978515625 0.3361585125 0.302734375 0.33485557187500004 0.306640625 0.3244320515625 0.298828125 0.3166144125 0.298828125 0.3061908921875 0.2958984375 0.302282071875
0 0.3134765625 0.3439761515625 0.310546875 0.34006733125 0.3125 0.32964381249999997 0.3095703125 0.328340871875 0.306640625 0.3322496921875 0.306640625 0.34267321093750003 0.3125 0.3478849703125 0.3125 0.3609143703125 0.3173828125 0.3674290703125 0.32421875 0.36612613125000004 0.328125 0.358308490625 0.328125 0.3452790921875 0.3212890625 0.3387643921875 0.3134765625 0.3439761515625
0 0.306640625 0.32964381249999997 0.3046875 0.33746145156249996 0.3076171875 0.3413702703125 0.31640625 0.34006733125 0.318359375 0.33746145156249996 0.3173828125 0.328340871875 0.3115234375 0.3257349921875 0.306640625 0.32964381249999997
0 0.3173828125 0.37003495000000003 0.310546875 0.3817614109375 0.310546875 0.38957905 0.3134765625 0.3934878703125 0.322265625 0.3921849296875 0.330078125 0.37654964999999996 0.330078125 0.37394377031250003 0.3232421875 0.3674290703125 0.3173828125 0.37003495000000003
0 0.3095703125 0.390881990625 0.2919921875 0.3934878703125 0.287109375 0.40521432968750004 0.287109375 0.40782020937499996 0.29296875 0.4130319703125 0.291015625 0.4182437296875 0.2978515625 0.4247584296875 0.3046875 0.42345548906249997 0.30859375 0.4182437296875 0.314453125 0.40260844999999995 0.314453125 0.394790809375 0.3095703125 0.390881990625
0 0.30078125 0.42606136875 0.2939453125 0.4195466703125 0.28125 0.42606136875 0.28125 0.457331928125 0.287109375 0.457331928125 0.291015625 0.45212016874999994 0.291015625 0.4469084078125 0.30078125 0.4364848890625 0.30078125 0.42606136875
0 0.2705078125 0.4247584296875 0.26171875 0.43909076875 0.265625 0.4495142890625 0.2705078125 0.4534231078125 0.271484375 0.45212016874999994 0.27734375 0.44430252968749995 0.27734375 0.42866725 0.2724609375 0.4247584296875 0.2705078125 0.4247584296875
0 0.2607421875 0.4377878296875 0.2509765625 0.4351819484375 0.24609375 0.43909076875 0.244140625 0.4495142890625 0.24609375 0.45212016874999994 0.24609375 0.45993780781250004 0.2509765625 0.46645250781250003 0.255859375 0.46514956874999996 0.259765625 0.4625436875 0.263671875 0.45212016874999994 0.263671875 0.44430252968749995 0.2607421875 0.4377878296875
0 0.2578125 0.40782020937499996 0.2490234375 0.39609375 0.2451171875 0.39609375 0.2412109375 0.3986996296875 0.236328125 0.40782020937499996 0.240234375 0.4182437296875 0.23828125 0.4312731296875 0.2412109375 0.4351819484375 0.25 0.433879009375 0.25390625 0.42866725 0.25390625 0.420849609375 0.2578125 0.41563785 0.2578125 0.40782020937499996
0 0.2333984375 0.3674290703125 0.2265625 0.37654964999999996 0.2265625 0.3869731703125 0.228515625 0.38957905 0.228515625 0.397396690625 0.2314453125 0.40130550937500004 0.23828125 0.40000257031249997 0.244140625 0.38957905 0.244140625 0.37654964999999996 0.2392578125 0.37003495000000003 0.2333984375 0.3674290703125
0 0.26953125 0.36873201093749997 0.2646484375 0.35961143125 0.2587890625 0.35961143125 0.25 0.36612613125000004 0.248046875 0.38957905 0.2509765625 0.3934878703125 0.2578125 0.3921849296875 0.259765625 0.38957905 0.259765625 0.384367290625 0.26953125 0.37394377031250003 0.26953125 0.36873201093749997
0 0.28515625 0.37394377031250003 0.28515625 0.36612613125000004 0.2802734375 0.35961143125 0.2744140625 0.3622173109375 0.271484375 0.36612613125000004 0.271484375 0.3817614109375 0.2841796875 0.39609375 0.291015625 0.394790809375 0.294921875 0.3921849296875 0.294921875 0.3817614109375 0.2900390625 0.3752467109375 0.28515625 0.37394377031250003
0 0.2705078125 0.40130550937500004 0.265625 0.41042608906250005 0.265625 0.41563785 0.2705078125 0.42215255 0.27734375 0.420849609375 0.28515625 0.4130319703125 0.28515625 0.40782020937499996 0.2802734375 0.40130550937500004 0.2705078125 0.40130550937500004
0 0.2900390625 0.377852590625 0.2861328125 0.377852590625 0.28125 0.3869731703125 0.2841796875 0.3934878703125 0.291015625 0.394790809375 0.294921875 0.3869731703125 0.2890625 0.3817614109375 0.291015625 0.3791555296875 0.2900390625 0.377852590625
0 0.3046875 0.35309673125 0.306640625 0.3478849703125 0.3046875 0.33746145156249996 0.2958984375 0.3361585125 0.283203125 0.3504908515625 0.283203125 0.3609143703125 0.2880859375 0.3674290703125 0.29296875 0.36873201093749997 0.29296875 0.37654964999999996 0.2958984375 0.3804584703125 0.3046875 0.3791555296875 0.3076171875 0.377852590625 0.310546875 0.371337890625 0.310546875 0.3609143703125 0.3046875 0.35309673125
0 0.48828125 0.3166144125 0.4833984375 0.3127055921875 0.4765625 0.3192202921875 0.4765625 0.3244320515625 0.470703125 0.3322496921875 0.470703125 0.34006733125 0.4755859375 0.34658203125 0.48046875 0.3452790921875 0.4873046875 0.3439761515625 0.490234375 0.34006733125 0.490234375 0.321826171875 0.48828125 0.3166144125
0 0.513671875 0.3140085328125 0.5087890625 0.3100997125 0.5048828125 0.3100997125 0.501953125 0.3166144125 0.494140625 0.3244320515625 0.494140625 0.34006733125 0.4970703125 0.3439761515625 0.50390625 0.34267321093750003 0.5078125 0.33746145156249996 0.5078125 0.32964381249999997 0.513671875 0.3244320515625 0.513671875 0.3140085328125
0 0.537109375 0.3009791328125 0.5322265625 0.2970703125 0.5185546875 0.2970703125 0.513671875 0.3061908921875 0.515625 0.3114026515625 0.525390625 0.321826171875 0.525390625 0.3322496921875 0.5302734375 0.3387643921875 0.537109375 0.33746145156249996 0.541015625 0.3322496921875 0.541015625 0.321826171875 0.537109375 0.3166144125 0.537109375 0.3009791328125
0 0.5458984375 0.302282071875 0.5390625 0.308796771875 0.541015625 0.3166144125 0.5498046875 0.3257349921875 0.560546875 0.3244320515625 0.5625 0.321826171875 0.5625 0.3114026515625 0.5556640625 0.302282071875 0.5458984375 0.302282071875
0 0.568359375 0.33485557187500004 0.5634765625 0.328340871875 0.5595703125 0.328340871875 0.5556640625 0.33094675156250003 0.552734375 0.33746145156249996 0.552734375 0.3478849703125 0.5634765625 0.35961143125 0.56640625 0.358308490625 0.5703125 0.3557026109375 0.572265625 0.3478849703125 0.568359375 0.34006733125 0.568359375 0.33485557187500004
0 0.5732421875 0.33094675156250003 0.5703125 0.33485557187500004 0.572265625 0.35309673125 0.5771484375 0.35961143125 0.583984375 0.358308490625 0.587890625 0.35309673125 0.587890625 0.33746145156249996 0.5791015625 0.33094675156250003 0.5732421875 0.33094675156250003
0 0.5185546875 0.3413702703125 0.515625 0.3452790921875 0.515625 0.358308490625 0.5185546875 0.3622173109375 0.52734375 0.3609143703125 0.533203125 0.35309673125 0.533203125 0.3452790921875 0.5283203125 0.3387643921875 0.5185546875 0.3413702703125
0 0.5361328125 0.34658203125 0.533203125 0.3557026109375 0.537109375 0.36352025 0.537109375 0.371337890625 0.5400390625 0.377852590625 0.5439453125 0.3804584703125 0.546875 0.3791555296875 0.552734375 0.37394377031250003 0.5546875 0.3557026109375 0.5439453125 0.34658203125 0.5361328125 0.34658203125
0 0.57421875 0.371337890625 0.5693359375 0.364823190625 0.5654296875 0.364823190625 0.5576171875 0.3726408296875 0.5537109375 0.37003495000000003 0.55078125 0.37654964999999996 0.55078125 0.3869731703125 0.55859375 0.3921849296875 0.55859375 0.40000257031249997 0.5615234375 0.40651727031249996 0.572265625 0.40521432968750004 0.576171875 0.397396690625 0.576171875 0.3921849296875 0.57421875 0.38957905 0.57421875 0.371337890625
0 0.5751953125 0.4195466703125 0.572265625 0.41563785 0.5712890625 0.40912315 0.5634765625 0.40912315 0.55078125 0.42606136875 0.552734375 0.43909076875 0.5556640625 0.44299958906250003 0.5634765625 0.44299958906250003 0.56640625 0.4364848890625 0.56640625 0.42866725 0.5712890625 0.4195466703125 0.57421875 0.42345548906249997 0.5703125 0.4312731296875 0.5703125 0.4364848890625 0.5751953125 0.44560546875 0.580078125 0.4469084078125 0.583984375 0.44430252968749995 0.5859375 0.42606136875 0.5830078125 0.4195466703125 0.5751953125 0.4195466703125
0 0.5341796875 0.38306435 0.5302734375 0.377852590625 0.5224609375 0.377852590625 0.517578125 0.3869731703125 0.517578125 0.3921849296875 0.5205078125 0.39609375 0.5244140625 0.39609375 0.5322265625 0.41172902968749997 0.541015625 0.41042608906250005 0.546875 0.394790809375 0.546875 0.384367290625 0.5439453125 0.3804584703125 0.5341796875 0.38306435
0 0.5361328125 0.41433490937500006 0.5283203125 0.4169407890625 0.5234375 0.42606136875 0.5234375 0.43909076875 0.5263671875 0.44299958906250003 0.533203125 0.4416966484375 0.5380859375 0.4377878296875 0.54296875 0.42866725 0.54296875 0.42345548906249997 0.5361328125 0.41433490937500006
0 0.552734375 0.44430252968749995 0.5458984375 0.4377878296875 0.5400390625 0.4377878296875 0.53125 0.45472604843750003 0.533203125 0.4625436875 0.5361328125 0.46645250781250003 0.5390625 0.46514956874999996 0.5419921875 0.46384662812500005 0.5458984375 0.4560289875 0.552734375 0.45212016874999994 0.552734375 0.44430252968749995
0 0.5185546875 0.44560546875 0.505859375 0.45993780781250004 0.505859375 0.46514956874999996 0.5107421875 0.47166426875 0.5185546875 0.47166426875 0.5205078125 0.4742701484375 0.529296875 0.47296720781249996 0.533203125 0.46514956874999996 0.533203125 0.45993780781250004 0.5224609375 0.44560546875 0.5185546875 0.44560546875
0 0.5009765625 0.4299701890625 0.4970703125 0.4247584296875 0.4873046875 0.4247584296875 0.484375 0.4312731296875 0.484375 0.4364848890625 0.486328125 0.4416966484375 0.490234375 0.44430252968749995 0.4921875 0.45472604843750003 0.4970703125 0.46124074843749996 0.50390625 0.45993780781250004 0.5078125 0.45472604843750003 0.51171875 0.4364848890625 0.5048828125 0.4299701890625 0.5009765625 0.4299701890625
0 0.5087890625 0.3856702296875 0.501953125 0.3921849296875 0.501953125 0.40521432968750004 0.50390625 0.40782020937499996 0.501953125 0.420849609375 0.5068359375 0.427364309375 0.513671875 0.42606136875 0.517578125 0.4182437296875 0.51953125 0.394790809375 0.5146484375 0.38827611093750003 0.5087890625 0.3856702296875
0 0.4931640625 0.427364309375 0.4912109375 0.43257606875 0.486328125 0.433879009375 0.486328125 0.43909076875 0.4892578125 0.44299958906250003 0.490234375 0.4416966484375 0.4921875 0.4364848890625 0.498046875 0.4312731296875 0.4970703125 0.427364309375 0.4931640625 0.427364309375
0 0.501953125 0.394790809375 0.4970703125 0.3856702296875 0.4931640625 0.3856702296875 0.4912109375 0.38306435 0.482421875 0.38957905 0.478515625 0.397396690625 0.478515625 0.40521432968750004 0.482421875 0.41042608906250005 0.482421875 0.41563785 0.4892578125 0.4247584296875 0.494140625 0.42345548906249997 0.49609375 0.420849609375 0.498046875 0.40782020937499996 0.501953125 0.40260844999999995 0.501953125 0.394790809375
0 0.4931640625 0.3439761515625 0.482421875 0.3557026109375 0.482421875 0.3609143703125 0.48828125 0.36873201093749997 0.4912109375 0.377852590625 0.5 0.37654964999999996 0.501953125 0.37394377031250003 0.50390625 0.3504908515625 0.4970703125 0.3439761515625 0.4931640625 0.3439761515625
0 0.484375 0.36612613125000004 0.4775390625 0.35961143125 0.4716796875 0.35961143125 0.46875 0.36352025 0.46875 0.3817614109375 0.46484375 0.3869731703125 0.46484375 0.394790809375 0.4697265625 0.40130550937500004 0.474609375 0.40000257031249997 0.478515625 0.397396690625 0.48046875 0.38957905 0.484375 0.384367290625 0.484375 0.36612613125000004
0 0.7314453125 0.38827611093750003 0.728515625 0.3921849296875 0.728515625 0.40000257031249997 0.7265625 0.40260844999999995 0.728515625 0.40782020937499996 0.728515625 0.4182437296875 0.7333984375 0.427364309375 0.744140625 0.42606136875 0.748046875 0.41563785 0.75 0.40260844999999995 0.7392578125 0.38827611093750003 0.7314453125 0.38827611093750003
0 0.7734375 0.3921849296875 0.7734375 0.3817614109375 0.7705078125 0.377852590625 0.7626953125 0.377852590625 0.7568359375 0.3726408296875 0.748046875 0.37394377031250003 0.74609375 0.3791555296875 0.748046875 0.40000257031249997 0.7509765625 0.4039113890625 0.755859375 0.40260844999999995 0.7607421875 0.39609375 0.7646484375 0.39609375 0.7666015625 0.3986996296875 0.7734375 0.3921849296875
0 0.7919921875 0.377852590625 0.7822265625 0.377852590625 0.7734375 0.384367290625 0.7734375 0.397396690625 0.7763671875 0.40130550937500004 0.7890625 0.40000257031249997 0.79296875 0.394790809375 0.79296875 0.3869731703125 0.794921875 0.384367290625 0.7919921875 0.377852590625
0 0.7890625 0.40260844999999995 0.7890625 0.40782020937499996 0.79296875 0.4130319703125 0.79296875 0.42345548906249997 0.7998046875 0.4299701890625 0.8046875 0.42866725 0.80859375 0.42345548906249997 0.80859375 0.40521432968750004 0.7939453125 0.39609375 0.7890625 0.40260844999999995
0 0.7998046875 0.4299701890625 0.791015625 0.4416966484375 0.791015625 0.4495142890625 0.7998046875 0.46384662812500005 0.8037109375 0.46645250781250003 0.806640625 0.46514956874999996 0.810546875 0.4625436875 0.80859375 0.4364848890625 0.8037109375 0.4299701890625 0.7998046875 0.4299701890625
0 0.7890625 0.41563785 0.7890625 0.41042608906250005 0.7763671875 0.40130550937500004 0.7724609375 0.4039113890625 0.76953125 0.41042608906250005 0.77734375 0.42345548906249997 0.775390625 0.42866725 0.775390625 0.43909076875 0.7783203125 0.44299958906250003 0.78515625 0.4416966484375 0.78515625 0.43909076875 0.79296875 0.4312731296875 0.79296875 0.42345548906249997 0.7890625 0.41563785
0 0.767578125 0.420849609375 0.76953125 0.4182437296875 0.765625 0.40782020937499996 0.7587890625 0.4039113890625 0.75390625 0.41042608906250005 0.75390625 0.42345548906249997 0.759765625 0.433879009375 0.76171875 0.44430252968749995 0.7646484375 0.4482113484375 0.771484375 0.4469084078125 0.775390625 0.4364848890625 0.7734375 0.4312731296875 0.767578125 0.42606136875 0.767578125 0.420849609375
0 0.7490234375 0.4169407890625 0.744140625 0.42345548906249997 0.744140625 0.42866725 0.7490234375 0.4351819484375 0.75390625 0.433879009375 0.7578125 0.4312731296875 0.7578125 0.42606136875 0.7529296875 0.4169407890625 0.7490234375 0.4169407890625
0 0.7392578125 0.44560546875 0.7421875 0.43909076875 0.7373046875 0.427364309375 0.7314453125 0.427364309375 0.7275390625 0.43257606875 0.7177734375 0.43257606875 0.71484375 0.4364848890625 0.71484375 0.45472604843750003 0.7197265625 0.46124074843749996 0.724609375 0.4625436875 0.73046875 0.45472604843750003 0.73046875 0.4495142890625 0.7333984375 0.44560546875 0.7392578125 0.44560546875
0 0.7255859375 0.46384662812500005 0.72265625 0.46775544843750005 0.724609375 0.47817896718749997 0.7333984375 0.489905428125 0.7421875 0.4886024875 0.744140625 0.4859966078125 0.744140625 0.47296720781249996 0.7392578125 0.46384662812500005 0.7255859375 0.46384662812500005
0 0.7685546875 0.4377878296875 0.7734375 0.4364848890625 0.7705078125 0.4299701890625 0.765625 0.42866725 0.765625 0.433879009375 0.7685546875 0.4377878296875
0 0.76953125 0.4625436875 0.767578125 0.4495142890625 0.7626953125 0.44560546875 0.75390625 0.45212016874999994 0.744140625 0.47557308750000005 0.744140625 0.48078484843749997 0.7490234375 0.487299546875 0.7529296875 0.489905428125 0.7578125 0.4886024875 0.759765625 0.483390728125 0.759765625 0.470361328125 0.7646484375 0.46905838749999995 0.76953125 0.4625436875
0 0.7421875 0.44430252968749995 0.7421875 0.45212016874999994 0.7509765625 0.46124074843749996 0.755859375 0.45993780781250004 0.755859375 0.44430252968749995 0.7509765625 0.4377878296875 0.7470703125 0.4377878296875 0.7421875 0.44430252968749995
0 0.7890625 0.4495142890625 0.7841796875 0.44560546875 0.7783203125 0.44560546875 0.775390625 0.4495142890625 0.77734375 0.46514956874999996 0.7734375 0.470361328125 0.7734375 0.483390728125 0.7783203125 0.487299546875 0.7880859375 0.487299546875 0.7900390625 0.489905428125 0.796875 0.4886024875 0.798828125 0.4859966078125 0.798828125 0.47557308750000005 0.7890625 0.46514956874999996 0.7890625 0.4495142890625