0 0.4599609375 0.40130550937500004 0.4677734375 0.40651727031249996 0.4794921875 0.40651727031249996 0.4892578125 0.3986996296875 0.4931640625 0.3986996296875 0.498046875 0.3921849296875 0.498046875 0.3791555296875 0.4931640625 0.3726408296875 0.4873046875 0.3726408296875 0.4775390625 0.3622173109375 0.4716796875 0.3622173109375 0.4697265625 0.35961143125 0.4619140625 0.3622173109375 0.455078125 0.37394377031250003 0.455078125 0.3791555296875 0.453125 0.3817614109375 0.455078125 0.394790809375 0.4599609375 0.40130550937500004
0 0.486328125 0.4416966484375 0.4931640625 0.45081722968750004 0.4970703125 0.4534231078125 0.5068359375 0.4534231078125 0.515625 0.44430252968749995 0.51953125 0.4312731296875 0.51953125 0.42345548906249997 0.515625 0.41042608906250005 0.5107421875 0.4039113890625 0.5029296875 0.3986996296875 0.4912109375 0.3986996296875 0.4775390625 0.40651727031249996 0.474609375 0.41042608906250005 0.474609375 0.42345548906249997 0.484375 0.4312731296875 0.486328125 0.4416966484375
0 0.5283203125 0.42215255 0.5361328125 0.427364309375 0.5498046875 0.427364309375 0.5517578125 0.4247584296875 0.5556640625 0.4247584296875 0.5625 0.4130319703125 0.5625 0.394790809375 0.556640625 0.37654964999999996 0.5400390625 0.364823190625 0.5244140625 0.3674290703125 0.521484375 0.371337890625 0.521484375 0.384367290625 0.517578125 0.394790809375 0.521484375 0.4130319703125 0.5283203125 0.42215255
0 0.5166015625 0.39609375 0.521484375 0.3869731703125 0.521484375 0.371337890625 0.5185546875 0.3674290703125 0.5107421875 0.3674290703125 0.5078125 0.371337890625 0.50390625 0.3817614109375 0.50390625 0.3869731703125 0.5087890625 0.39609375 0.5166015625 0.39609375
0 0.5166015625 0.3674290703125 0.5400390625 0.364823190625 0.546875 0.358308490625 0.552734375 0.34006733125 0.55078125 0.32703793124999997 0.5419921875 0.3179173515625 0.5361328125 0.3179173515625 0.5341796875 0.32052323125000004 0.5244140625 0.3231291125 0.515625 0.33746145156249996 0.513671875 0.3504908515625 0.509765625 0.3557026109375 0.509765625 0.36352025 0.5166015625 0.3674290703125
0 0.4990234375 0.35961143125 0.5087890625 0.35961143125 0.51953125 0.3322496921875 0.517578125 0.3192202921875 0.5087890625 0.3100997125 0.4970703125 0.3100997125 0.48828125 0.3192202921875 0.486328125 0.3244320515625 0.486328125 0.3452790921875 0.490234375 0.35309673125 0.4990234375 0.35961143125
0 0.7392578125 0.47166426875 0.7509765625 0.47166426875 0.7548828125 0.46905838749999995 0.765625 0.45472604843750003 0.767578125 0.4469084078125 0.771484375 0.4416966484375 0.771484375 0.4364848890625 0.7685546875 0.4351819484375 0.7626953125 0.4247584296875 0.7470703125 0.41172902968749997 0.7373046875 0.41172902968749997 0.7333984375 0.41433490937500006 0.7265625 0.42606136875 0.7265625 0.4312731296875 0.724609375 0.433879009375 0.7265625 0.457331928125 0.7392578125 0.47166426875
0 0.78125 0.42866725 0.783203125 0.42345548906249997 0.78125 0.40782020937499996 0.7685546875 0.38827611093750003 0.7587890625 0.38827611093750003 0.751953125 0.397396690625 0.75 0.4130319703125 0.7548828125 0.4195466703125 0.7744140625 0.4351819484375 0.78125 0.42866725
0 0.77734375 0.47817896718749997 0.7861328125 0.48469366718750007 0.7998046875 0.4820877875 0.8046875 0.47296720781249996 0.8046875 0.45993780781250004 0.802734375 0.457331928125 0.802734375 0.45212016874999994 0.796875 0.44430252968749995 0.79296875 0.4312731296875 0.7880859375 0.4247584296875 0.7841796875 0.4247584296875 0.77734375 0.4416966484375 0.77734375 0.4495142890625 0.7734375 0.45993780781250004 0.7734375 0.46775544843750005 0.77734375 0.47817896718749997
0 0.7626953125 0.46905838749999995 0.7685546875 0.46905838749999995 0.7734375 0.4625436875 0.77734375 0.4495142890625 0.77734375 0.4364848890625 0.7705078125 0.4299701890625 0.765625 0.4312731296875 0.763671875 0.45472604843750003 0.759765625 0.45993780781250004 0.759765625 0.46514956874999996 0.7626953125 0.46905838749999995
0 0.8056640625 0.45081722968750004 0.8115234375 0.44560546875 0.822265625 0.4312731296875 0.822265625 0.4130319703125 0.8134765625 0.3986996296875 0.8095703125 0.39609375 0.7998046875 0.39609375 0.791015625 0.40782020937499996 0.7890625 0.4130319703125 0.7890625 0.42345548906249997 0.8017578125 0.45081722968750004 0.8056640625 0.45081722968750004
0 0.7978515625 0.3986996296875 0.802734375 0.3921849296875 0.8046875 0.3817614109375 0.8017578125 0.377852590625 0.7978515625 0.377852590625 0.7880859375 0.37003495000000003 0.783203125 0.37394377031250003 0.78125 0.3869731703125 0.7861328125 0.39609375 0.7900390625 0.3986996296875 0.7978515625 0.3986996296875
0 0.8095703125 0.38306435 0.8212890625 0.3752467109375 0.826171875 0.36612613125000004 0.826171875 0.3478849703125 0.8193359375 0.3361585125 0.8037109375 0.3361585125 0.7998046875 0.3387643921875 0.7890625 0.3557026109375 0.78515625 0.36873201093749997 0.7880859375 0.3726408296875 0.8056640625 0.38306435 0.8095703125 0.38306435
0 0.74609375 0.36352025 0.7548828125 0.3726408296875 0.7685546875 0.3726408296875 0.7705078125 0.37003495000000003 0.7763671875 0.37003495000000003 0.783203125 0.36352025 0.783203125 0.3478849703125 0.78125 0.3452790921875 0.78125 0.34006733125 0.7685546875 0.32052323125000004 0.7646484375 0.3179173515625 0.7548828125 0.3179173515625 0.744140625 0.32964381249999997 0.744140625 0.33485557187500004 0.7421875 0.33746145156249996 0.7421875 0.35309673125 0.74609375 0.36352025
0 0.783203125 0.35309673125 0.7880859375 0.3570055515625 0.796875 0.34267321093750003 0.796875 0.3322496921875 0.7900390625 0.31531147187499997 0.7861328125 0.3127055921875 0.7783203125 0.31531147187499997 0.7734375 0.321826171875 0.7734375 0.32703793124999997 0.783203125 0.3452790921875 0.783203125 0.35309673125