0 0.25 0.420849609375 0.2451171875 0.4169407890625 0.240234375 0.420849609375 0.23828125 0.42866725 0.2333984375 0.43257606875 0.23046875 0.43909076875 0.232421875 0.45212016874999994 0.240234375 0.45212016874999994 0.25390625 0.4416966484375 0.25390625 0.433879009375 0.25 0.42606136875 0.25 0.420849609375
0 0.271484375 0.41042608906250005 0.2666015625 0.4039113890625 0.2607421875 0.4039113890625 0.255859375 0.41042608906250005 0.255859375 0.4182437296875 0.2578125 0.420849609375 0.255859375 0.4364848890625 0.2607421875 0.44299958906250003 0.2734375 0.4416966484375 0.279296875 0.4312731296875 0.27734375 0.42606136875 0.271484375 0.420849609375 0.271484375 0.41042608906250005
0 0.2666015625 0.44560546875 0.2626953125 0.44560546875 0.2607421875 0.44299958906250003 0.2568359375 0.44299958906250003 0.251953125 0.45212016874999994 0.2421875 0.4625436875 0.24609375 0.47296720781249996 0.24609375 0.47817896718749997 0.2509765625 0.48469366718750007 0.2578125 0.483390728125 0.26171875 0.470361328125 0.271484375 0.45993780781250004 0.271484375 0.45212016874999994 0.2666015625 0.44560546875
0 0.2919921875 0.44299958906250003 0.2861328125 0.4534231078125 0.2744140625 0.4534231078125 0.271484375 0.457331928125 0.271484375 0.46514956874999996 0.275390625 0.470361328125 0.27734375 0.47817896718749997 0.2822265625 0.48469366718750007 0.2890625 0.483390728125 0.30078125 0.46775544843750005 0.302734375 0.4495142890625 0.2978515625 0.44299958906250003 0.2919921875 0.44299958906250003
0 0.2470703125 0.487299546875 0.2392578125 0.4794819078125 0.2314453125 0.4794819078125 0.2265625 0.4859966078125 0.2265625 0.4912083671875 0.2314453125 0.5003289468750001 0.2392578125 0.502934828125 0.2431640625 0.5081465875 0.25 0.5068436468749999 0.255859375 0.4990260078125 0.255859375 0.4912083671875 0.2529296875 0.487299546875 0.2470703125 0.487299546875
0 0.2763671875 0.4820877875 0.2626953125 0.4794819078125 0.2578125 0.4859966078125 0.2578125 0.496420128125 0.2626953125 0.5055407078124999 0.267578125 0.5042377671875 0.2724609375 0.502934828125 0.279296875 0.496420128125 0.279296875 0.4859966078125 0.2763671875 0.4820877875
0 0.484375 0.394790809375 0.48046875 0.3921849296875 0.48046875 0.37654964999999996 0.4755859375 0.37003495000000003 0.4697265625 0.37003495000000003 0.46484375 0.3791555296875 0.462890625 0.40260844999999995 0.4736328125 0.4195466703125 0.48046875 0.4182437296875 0.4833984375 0.4169407890625 0.486328125 0.41042608906250005 0.486328125 0.40000257031249997 0.484375 0.394790809375
0 0.509765625 0.420849609375 0.5048828125 0.41433490937500006 0.5029296875 0.4169407890625 0.4892578125 0.41433490937500006 0.484375 0.420849609375 0.484375 0.42606136875 0.4892578125 0.43257606875 0.4970703125 0.43257606875 0.498046875 0.44430252968749995 0.5048828125 0.4534231078125 0.51171875 0.45212016874999994 0.515625 0.4469084078125 0.515625 0.43909076875 0.509765625 0.4312731296875 0.509765625 0.420849609375
0 0.5029296875 0.3934878703125 0.4990234375 0.38827611093750003 0.4931640625 0.38827611093750003 0.490234375 0.3921849296875 0.4912109375 0.4039113890625 0.4990234375 0.40651727031249996 0.5029296875 0.41172902968749997 0.51171875 0.41042608906250005 0.517578125 0.40260844999999995 0.517578125 0.394790809375 0.5146484375 0.390881990625 0.5029296875 0.3934878703125
0 0.5224609375 0.4039113890625 0.5185546875 0.40912315 0.5126953125 0.40912315 0.509765625 0.41563785 0.509765625 0.420849609375 0.5126953125 0.4247584296875 0.5166015625 0.427364309375 0.521484375 0.42606136875 0.529296875 0.41563785 0.529296875 0.40782020937499996 0.5263671875 0.4039113890625 0.5224609375 0.4039113890625
0 0.5341796875 0.38306435 0.5302734375 0.3804584703125 0.5263671875 0.38306435 0.525390625 0.40000257031249997 0.5302734375 0.40130550937500004 0.5361328125 0.40912315 0.54296875 0.40782020937499996 0.544921875 0.40521432968750004 0.544921875 0.397396690625 0.5400390625 0.3934878703125 0.5341796875 0.38306435
0 0.5126953125 0.3570055515625 0.5087890625 0.3570055515625 0.5009765625 0.351793790625 0.49609375 0.358308490625 0.5 0.36612613125000004 0.498046875 0.384367290625 0.5009765625 0.38827611093750003 0.509765625 0.3869731703125 0.51171875 0.384367290625 0.51171875 0.37394377031250003 0.517578125 0.36612613125000004 0.5126953125 0.3570055515625
0 0.5263671875 0.3622173109375 0.51953125 0.36873201093749997 0.5205078125 0.377852590625 0.5244140625 0.3804584703125 0.53125 0.3791555296875 0.5390625 0.371337890625 0.5390625 0.36352025 0.5361328125 0.35961143125 0.5263671875 0.3622173109375
0 0.76171875 0.40782020937499996 0.7548828125 0.40130550937500004 0.748046875 0.40521432968750004 0.748046875 0.41563785 0.751953125 0.4182437296875 0.751953125 0.42606136875 0.75 0.42866725 0.7529296875 0.4351819484375 0.7587890625 0.4377878296875 0.7626953125 0.43257606875 0.7705078125 0.440393709375 0.77734375 0.43909076875 0.78125 0.42866725 0.7763671875 0.4169407890625 0.7626953125 0.4169407890625 0.76171875 0.40782020937499996
0 0.73046875 0.44430252968749995 0.73046875 0.4364848890625 0.7275390625 0.43257606875 0.7158203125 0.4299701890625 0.7109375 0.4364848890625 0.708984375 0.45993780781250004 0.7138671875 0.46645250781250003 0.720703125 0.46514956874999996 0.724609375 0.45993780781250004 0.724609375 0.45472604843750003 0.72265625 0.45212016874999994 0.73046875 0.44430252968749995
0 0.751953125 0.433879009375 0.7490234375 0.4299701890625 0.7412109375 0.4299701890625 0.734375 0.4416966484375 0.734375 0.45472604843750003 0.736328125 0.457331928125 0.736328125 0.470361328125 0.7431640625 0.47687602812499996 0.74609375 0.47557308750000005 0.7548828125 0.46905838749999995 0.76171875 0.457331928125 0.75390625 0.44430252968749995 0.751953125 0.433879009375
0 0.77734375 0.457331928125 0.775390625 0.4469084078125 0.7685546875 0.440393709375 0.763671875 0.44430252968749995 0.763671875 0.4625436875 0.76953125 0.470361328125 0.767578125 0.4859966078125 0.7705078125 0.489905428125 0.779296875 0.4886024875 0.779296875 0.483390728125 0.78515625 0.47296720781249996 0.78515625 0.46514956874999996 0.77734375 0.457331928125
0 0.7294921875 0.4820877875 0.728515625 0.47817896718749997 0.7197265625 0.46905838749999995 0.7138671875 0.46905838749999995 0.7109375 0.47296720781249996 0.7109375 0.483390728125 0.7177734375 0.4977230671875 0.7236328125 0.4977230671875 0.7294921875 0.489905428125 0.73046875 0.496420128125 0.734375 0.496420128125 0.740234375 0.48078484843749997 0.7373046875 0.47166426875 0.7314453125 0.47166426875 0.7294921875 0.4820877875
0 0.755859375 0.47817896718749997 0.7529296875 0.4742701484375 0.7451171875 0.4742701484375 0.740234375 0.48078484843749997 0.740234375 0.493814246875 0.732421875 0.5016318875 0.732421875 0.5094495265625001 0.7392578125 0.5159642265625 0.7412109375 0.513358346875 0.7451171875 0.513358346875 0.7470703125 0.5159642265625 0.75390625 0.5146612875 0.755859375 0.5120554078125 0.755859375 0.5016318875 0.75390625 0.4990260078125 0.755859375 0.47817896718749997
0 0.7744140625 0.502934828125 0.771484375 0.4990260078125 0.771484375 0.493814246875 0.7646484375 0.487299546875 0.759765625 0.493814246875 0.759765625 0.4990260078125 0.755859375 0.5068436468749999 0.7578125 0.5146612875 0.7626953125 0.51857010625 0.7685546875 0.5159642265625 0.7724609375 0.5237818671875 0.779296875 0.5224789265625 0.783203125 0.5146612875 0.78125 0.5068436468749999 0.7783203125 0.502934828125 0.7744140625 0.502934828125