0 0.4423828125 0.3986996296875 0.4384765625 0.3986996296875 0.4306640625 0.40651727031249996 0.427734375 0.4130319703125 0.427734375 0.42866725 0.42578125 0.4312731296875 0.42578125 0.4364848890625 0.4326171875 0.45863486875000004 0.4365234375 0.46124074843749996 0.4453125 0.45993780781250004 0.45703125 0.4469084078125 0.458984375 0.42866725 0.453125 0.4130319703125 0.4423828125 0.3986996296875
0 0.4697265625 0.3804584703125 0.4619140625 0.3752467109375 0.4501953125 0.3752467109375 0.44140625 0.384367290625 0.44140625 0.397396690625 0.4580078125 0.42215255 0.46484375 0.420849609375 0.474609375 0.41042608906250005 0.4765625 0.40521432968750004 0.4765625 0.38957905 0.4697265625 0.3804584703125
0 0.4404296875 0.377852590625 0.4306640625 0.3726408296875 0.4169921875 0.37003495000000003 0.404296875 0.384367290625 0.40625 0.40521432968750004 0.4111328125 0.41172902968749997 0.41796875 0.4130319703125 0.4248046875 0.41172902968749997 0.4375 0.394790809375 0.44140625 0.384367290625 0.4404296875 0.377852590625
0 0.4384765625 0.3439761515625 0.4287109375 0.3439761515625 0.4248046875 0.34658203125 0.419921875 0.3557026109375 0.419921875 0.36873201093749997 0.4287109375 0.3752467109375 0.4345703125 0.3752467109375 0.4365234375 0.377852590625 0.44140625 0.37654964999999996 0.447265625 0.36612613125000004 0.447265625 0.358308490625 0.443359375 0.3478849703125 0.4384765625 0.3439761515625
0 0.2822265625 0.4299701890625 0.2685546875 0.4247584296875 0.26171875 0.4364848890625 0.26171875 0.4469084078125 0.2705078125 0.46124074843749996 0.279296875 0.45993780781250004 0.2822265625 0.45863486875000004 0.287109375 0.4495142890625 0.287109375 0.4364848890625 0.2822265625 0.4299701890625
0 0.3046875 0.3921849296875 0.2998046875 0.3856702296875 0.2919921875 0.3856702296875 0.2841796875 0.390881990625 0.271484375 0.40782020937499996 0.267578125 0.4182437296875 0.2705078125 0.4247584296875 0.2783203125 0.4299701890625 0.2822265625 0.4299701890625 0.2841796875 0.43257606875 0.29296875 0.4312731296875 0.2998046875 0.427364309375 0.30859375 0.41563785 0.30859375 0.40260844999999995 0.3046875 0.3921849296875
0 0.287109375 0.3322496921875 0.2822265625 0.3257349921875 0.2783203125 0.3257349921875 0.2763671875 0.3231291125 0.2646484375 0.3257349921875 0.259765625 0.3322496921875 0.255859375 0.34267321093750003 0.255859375 0.3557026109375 0.259765625 0.3609143703125 0.26171875 0.371337890625 0.2666015625 0.377852590625 0.271484375 0.37654964999999996 0.28515625 0.36352025 0.287109375 0.3504908515625 0.2890625 0.3478849703125 0.287109375 0.3322496921875
0 0.2548828125 0.35439967031249997 0.2392578125 0.3439761515625 0.2353515625 0.3439761515625 0.220703125 0.3557026109375 0.21875 0.36873201093749997 0.22265625 0.3791555296875 0.2314453125 0.390881990625 0.2353515625 0.390881990625 0.2373046875 0.3934878703125 0.240234375 0.3921849296875 0.2451171875 0.390881990625 0.259765625 0.37654964999999996 0.259765625 0.3609143703125 0.2548828125 0.35439967031249997
0 0.2626953125 0.3752467109375 0.2587890625 0.3752467109375 0.2529296875 0.38306435 0.244140625 0.38957905 0.2470703125 0.3986996296875 0.2509765625 0.40130550937500004 0.2578125 0.40000257031249997 0.2607421875 0.3986996296875 0.265625 0.38957905 0.265625 0.3791555296875 0.2626953125 0.3752467109375
0 0.2822265625 0.364823190625 0.267578125 0.3817614109375 0.2763671875 0.390881990625 0.283203125 0.38957905 0.2890625 0.3817614109375 0.2890625 0.36873201093749997 0.2861328125 0.364823190625 0.2822265625 0.364823190625
0 0.6845703125 0.3752467109375 0.6767578125 0.3752467109375 0.669921875 0.3817614109375 0.669921875 0.40521432968750004 0.6806640625 0.4247584296875 0.69140625 0.42866725 0.697265625 0.40782020937499996 0.697265625 0.3921849296875 0.6884765625 0.377852590625 0.6845703125 0.3752467109375
0 0.7080078125 0.3986996296875 0.6982421875 0.3986996296875 0.6953125 0.4182437296875 0.693359375 0.420849609375 0.693359375 0.4312731296875 0.6962890625 0.4377878296875 0.708984375 0.4364848890625 0.716796875 0.42345548906249997 0.716796875 0.41042608906250005 0.71484375 0.40521432968750004 0.7080078125 0.3986996296875
0 0.6806640625 0.4247584296875 0.6708984375 0.4247584296875 0.6640625 0.4312731296875 0.6640625 0.45212016874999994 0.666015625 0.457331928125 0.6728515625 0.46384662812500005 0.681640625 0.4625436875 0.6953125 0.4469084078125 0.6953125 0.43909076875 0.6884765625 0.4299701890625 0.6806640625 0.4247584296875
0 0.703125 0.43909076875 0.7080078125 0.4377878296875 0.71484375 0.42866725 0.716796875 0.42345548906249997 0.716796875 0.41042608906250005 0.7119140625 0.40130550937500004 0.6982421875 0.39609375 0.6953125 0.3869731703125 0.6884765625 0.377852590625 0.6845703125 0.3752467109375 0.6767578125 0.3752467109375 0.6728515625 0.377852590625 0.66796875 0.3869731703125 0.66796875 0.397396690625 0.67578125 0.420849609375 0.6728515625 0.4247584296875 0.6689453125 0.4247584296875 0.6640625 0.4312731296875 0.6640625 0.45472604843750003 0.666015625 0.45993780781250004 0.6708984375 0.46384662812500005 0.6806640625 0.46384662812500005 0.6884765625 0.45863486875000004 0.6943359375 0.46384662812500005 0.697265625 0.4625436875 0.7021484375 0.46124074843749996 0.705078125 0.457331928125 0.705078125 0.44430252968749995 0.703125 0.43909076875