0 0.21875 0.38957905 0.2138671875 0.3804584703125 0.2099609375 0.3804584703125 0.203125 0.3921849296875 0.19921875 0.41042608906250005 0.2041015625 0.41433490937500006 0.212890625 0.4130319703125 0.21484375 0.41042608906250005 0.21484375 0.40000257031249997 0.21875 0.394790809375 0.21875 0.38957905
0 0.2451171875 0.39609375 0.25 0.3921849296875 0.25 0.3817614109375 0.2470703125 0.377852590625 0.2431640625 0.3752467109375 0.2373046875 0.3804584703125 0.2314453125 0.3752467109375 0.2236328125 0.3752467109375 0.21875 0.3817614109375 0.220703125 0.3921849296875 0.228515625 0.40521432968750004 0.228515625 0.41042608906250005 0.2255859375 0.41172902968749997 0.22265625 0.4182437296875 0.2275390625 0.42215255 0.228515625 0.420849609375 0.236328125 0.4130319703125 0.236328125 0.40000257031249997 0.2392578125 0.39609375 0.2451171875 0.39609375
0 0.259765625 0.40782020937499996 0.259765625 0.397396690625 0.2568359375 0.3934878703125 0.2490234375 0.3934878703125 0.244140625 0.40260844999999995 0.244140625 0.41042608906250005 0.236328125 0.4182437296875 0.236328125 0.42866725 0.2451171875 0.4299701890625 0.2490234375 0.4351819484375 0.25390625 0.433879009375 0.259765625 0.4312731296875 0.259765625 0.42345548906249997 0.255859375 0.41563785 0.259765625 0.40782020937499996
0 0.279296875 0.4312731296875 0.279296875 0.42606136875 0.283203125 0.4182437296875 0.283203125 0.41042608906250005 0.2783203125 0.4039113890625 0.2724609375 0.4039113890625 0.267578125 0.41042608906250005 0.267578125 0.420849609375 0.26171875 0.4312731296875 0.263671875 0.433879009375 0.259765625 0.433879009375 0.259765625 0.43909076875 0.2646484375 0.44560546875 0.2685546875 0.44560546875 0.2744140625 0.4534231078125 0.27734375 0.45212016874999994 0.2802734375 0.45081722968750004 0.283203125 0.44430252968749995 0.283203125 0.4364848890625 0.279296875 0.4312731296875
0 0.1962890625 0.41433490937500006 0.1923828125 0.41433490937500006 0.181640625 0.42866725 0.181640625 0.4364848890625 0.1865234375 0.44560546875 0.1953125 0.44430252968749995 0.1953125 0.433879009375 0.201171875 0.42606136875 0.201171875 0.420849609375 0.1962890625 0.41433490937500006
0 0.2119140625 0.4247584296875 0.2060546875 0.4247584296875 0.19921875 0.433879009375 0.1953125 0.44430252968749995 0.2001953125 0.4534231078125 0.20703125 0.45212016874999994 0.212890625 0.4469084078125 0.216796875 0.4364848890625 0.216796875 0.4312731296875 0.2119140625 0.4247584296875
0 0.236328125 0.4312731296875 0.2275390625 0.42215255 0.2236328125 0.42215255 0.216796875 0.42866725 0.216796875 0.4416966484375 0.21875 0.4469084078125 0.2109375 0.45472604843750003 0.2109375 0.4625436875 0.2158203125 0.46905838749999995 0.22265625 0.46775544843750005 0.2265625 0.46514956874999996 0.2275390625 0.4560289875 0.23828125 0.45212016874999994 0.236328125 0.4312731296875
0 0.2490234375 0.4377878296875 0.2431640625 0.44299958906250003 0.240234375 0.4495142890625 0.240234375 0.4625436875 0.25390625 0.4625436875 0.259765625 0.457331928125 0.26171875 0.4469084078125 0.2587890625 0.440393709375 0.2490234375 0.4377878296875
0 0.263671875 0.46775544843750005 0.2587890625 0.46124074843749996 0.2548828125 0.46124074843749996 0.2490234375 0.46645250781250003 0.2412109375 0.46645250781250003 0.23828125 0.470361328125 0.23828125 0.48078484843749997 0.244140625 0.4859966078125 0.244140625 0.4912083671875 0.2421875 0.493814246875 0.244140625 0.496420128125 0.244140625 0.5016318875 0.2470703125 0.5055407078124999 0.255859375 0.5042377671875 0.2578125 0.5016318875 0.2578125 0.4859966078125 0.263671875 0.47817896718749997 0.263671875 0.46775544843750005
0 0.23828125 0.4886024875 0.23828125 0.483390728125 0.2333984375 0.47687602812499996 0.2275390625 0.4742701484375 0.21484375 0.493814246875 0.21484375 0.5042377671875 0.2197265625 0.5081465875 0.2255859375 0.5055407078124999 0.2314453125 0.513358346875 0.240234375 0.5120554078125 0.244140625 0.5068436468749999 0.244140625 0.4990260078125 0.236328125 0.4912083671875 0.23828125 0.4886024875
0 0.2119140625 0.46905838749999995 0.2080078125 0.46905838749999995 0.2041015625 0.45863486875000004 0.1962890625 0.4560289875 0.19140625 0.4625436875 0.19140625 0.470361328125 0.19921875 0.48078484843749997 0.197265625 0.4912083671875 0.2021484375 0.4977230671875 0.2109375 0.496420128125 0.21484375 0.4912083671875 0.21484375 0.4859966078125 0.21875 0.47557308750000005 0.2119140625 0.46905838749999995
0 0.46484375 0.41563785 0.4619140625 0.41172902968749997 0.4541015625 0.41172902968749997 0.447265625 0.420849609375 0.4443359375 0.4299701890625 0.4345703125 0.427364309375 0.427734375 0.433879009375 0.427734375 0.43909076875 0.4326171875 0.4482113484375 0.4423828125 0.4482113484375 0.4462890625 0.4534231078125 0.455078125 0.45212016874999994 0.45703125 0.4495142890625 0.45703125 0.4364848890625 0.46484375 0.42866725 0.46484375 0.41563785
0 0.486328125 0.4495142890625 0.4833984375 0.44299958906250003 0.4755859375 0.440393709375 0.4697265625 0.4482113484375 0.4580078125 0.4482113484375 0.455078125 0.45212016874999994 0.458984375 0.4625436875 0.458984375 0.470361328125 0.4638671875 0.47687602812499996 0.46875 0.47557308750000005 0.4775390625 0.46384662812500005 0.4814453125 0.46384662812500005 0.484375 0.45993780781250004 0.486328125 0.4495142890625
0 0.521484375 0.46514956874999996 0.5146484375 0.45863486875000004 0.5087890625 0.45863486875000004 0.5009765625 0.46645250781250003 0.4951171875 0.46645250781250003 0.494140625 0.48078484843749997 0.5009765625 0.487299546875 0.5048828125 0.487299546875 0.5068359375 0.4925113078125 0.5107421875 0.4951171875 0.513671875 0.493814246875 0.517578125 0.4912083671875 0.517578125 0.48078484843749997 0.521484375 0.47296720781249996 0.521484375 0.46514956874999996
0 0.517578125 0.41042608906250005 0.5087890625 0.4039113890625 0.5 0.4130319703125 0.5 0.433879009375 0.4970703125 0.4377878296875 0.4931640625 0.4377878296875 0.48828125 0.44430252968749995 0.48828125 0.45472604843750003 0.4931640625 0.45863486875000004 0.5009765625 0.45863486875000004 0.5048828125 0.4534231078125 0.5087890625 0.45863486875000004 0.517578125 0.457331928125 0.521484375 0.45212016874999994 0.521484375 0.43909076875 0.515625 0.4312731296875 0.517578125 0.41042608906250005
0 0.501953125 0.41042608906250005 0.501953125 0.40521432968750004 0.4951171875 0.39609375 0.4892578125 0.39609375 0.4833984375 0.40130550937500004 0.4697265625 0.40130550937500004 0.46484375 0.40782020937499996 0.46484375 0.4130319703125 0.47265625 0.4312731296875 0.4775390625 0.4377878296875 0.486328125 0.4364848890625 0.490234375 0.4312731296875 0.4921875 0.42345548906249997 0.4951171875 0.42215255 0.501953125 0.41042608906250005
0 0.5234375 0.371337890625 0.5126953125 0.37003495000000003 0.5068359375 0.35961143125 0.5009765625 0.3622173109375 0.498046875 0.36612613125000004 0.498046875 0.371337890625 0.490234375 0.384367290625 0.4921875 0.3869731703125 0.4921875 0.3921849296875 0.4951171875 0.39609375 0.5009765625 0.39609375 0.5068359375 0.390881990625 0.5107421875 0.3934878703125 0.5146484375 0.40130550937500004 0.5234375 0.40000257031249997 0.52734375 0.394790809375 0.52734375 0.3869731703125 0.525390625 0.384367290625 0.5234375 0.371337890625
0 0.7158203125 0.38306435 0.7119140625 0.38306435 0.701171875 0.40260844999999995 0.7060546875 0.41433490937500006 0.7138671875 0.41433490937500006 0.7158203125 0.41172902968749997 0.7216796875 0.41172902968749997 0.7236328125 0.41433490937500006 0.73046875 0.4130319703125 0.732421875 0.3869731703125 0.7275390625 0.38306435 0.7216796875 0.38827611093750003 0.7158203125 0.38306435
0 0.7294921875 0.44560546875 0.734375 0.4364848890625 0.7294921875 0.427364309375 0.7216796875 0.427364309375 0.7138671875 0.41433490937500006 0.7099609375 0.41433490937500006 0.705078125 0.420849609375 0.705078125 0.42866725 0.71484375 0.43909076875 0.712890625 0.44430252968749995 0.712890625 0.4625436875 0.7197265625 0.47166426875 0.724609375 0.470361328125 0.728515625 0.4625436875 0.7265625 0.457331928125 0.7265625 0.4469084078125 0.7294921875 0.44560546875
0 0.75 0.4495142890625 0.7451171875 0.44299958906250003 0.7392578125 0.44299958906250003 0.736328125 0.4469084078125 0.736328125 0.45472604843750003 0.7265625 0.470361328125 0.7265625 0.47817896718749997 0.7314453125 0.48469366718750007 0.7431640625 0.48469366718750007 0.7451171875 0.487299546875 0.751953125 0.4859966078125 0.75390625 0.483390728125 0.75390625 0.47817896718749997 0.748046875 0.46514956874999996 0.75 0.4495142890625
0 0.783203125 0.457331928125 0.7802734375 0.45081722968750004 0.7705078125 0.4482113484375 0.7607421875 0.4351819484375 0.7548828125 0.4351819484375 0.75 0.4416966484375 0.75 0.4495142890625 0.755859375 0.457331928125 0.75390625 0.4625436875 0.75390625 0.47296720781249996 0.7587890625 0.4794819078125 0.765625 0.47817896718749997 0.7744140625 0.46905838749999995 0.7802734375 0.46905838749999995 0.783203125 0.4625436875 0.783203125 0.457331928125
0 0.787109375 0.42345548906249997 0.7890625 0.420849609375 0.787109375 0.40782020937499996 0.7763671875 0.40651727031249996 0.7744140625 0.40912315 0.7646484375 0.40912315 0.759765625 0.41563785 0.759765625 0.42345548906249997 0.7734375 0.433879009375 0.7744140625 0.4482113484375 0.7783203125 0.45081722968750004 0.787109375 0.4495142890625 0.791015625 0.44430252968749995 0.791015625 0.4364848890625 0.787109375 0.4312731296875 0.787109375 0.42345548906249997
0 0.7470703125 0.38827611093750003 0.7392578125 0.3856702296875 0.732421875 0.397396690625 0.732421875 0.40782020937499996 0.73046875 0.41042608906250005 0.732421875 0.4182437296875 0.7451171875 0.4195466703125 0.7470703125 0.42215255 0.755859375 0.420849609375 0.7578125 0.4182437296875 0.7578125 0.40782020937499996 0.751953125 0.40000257031249997 0.7470703125 0.38827611093750003
0 0.76171875 0.371337890625 0.7529296875 0.35961143125 0.7470703125 0.35961143125 0.7451171875 0.364823190625 0.736328125 0.371337890625 0.736328125 0.3817614109375 0.7392578125 0.3856702296875 0.74609375 0.384367290625 0.7490234375 0.3804584703125 0.7568359375 0.3804584703125 0.76171875 0.37394377031250003 0.76171875 0.371337890625
0 0.775390625 0.3869731703125 0.7734375 0.37654964999999996 0.7685546875 0.3726408296875 0.7646484375 0.3726408296875 0.76171875 0.37654964999999996 0.76171875 0.384367290625 0.755859375 0.397396690625 0.7626953125 0.40912315 0.76953125 0.40782020937499996 0.7724609375 0.4039113890625 0.779296875 0.40260844999999995 0.779296875 0.3921849296875 0.775390625 0.3869731703125