0 0.2734375 0.2931614921875 0.275390625 0.28794973281249997 0.275390625 0.272314453125 0.2724609375 0.265799753125 0.2646484375 0.26058799375 0.2529296875 0.26058799375 0.2421875 0.2749203328125 0.2392578125 0.28925267187500003 0.2353515625 0.29185855312500003 0.2314453125 0.28925267187500003 0.2236328125 0.28925267187500003 0.2109375 0.30358501250000003 0.2109375 0.3192202921875 0.2197265625 0.33355263125 0.234375 0.3322496921875 0.2451171875 0.32052323125000004 0.2509765625 0.32052323125000004 0.2568359375 0.31531147187499997 0.2734375 0.2931614921875
0 0.25 0.40260844999999995 0.25 0.38957905 0.2431640625 0.377852590625 0.2392578125 0.377852590625 0.236328125 0.37394377031250003 0.23828125 0.34267321093750003 0.2333984375 0.3361585125 0.2158203125 0.3387643921875 0.2060546875 0.33094675156250003 0.2001953125 0.33094675156250003 0.189453125 0.34267321093750003 0.185546875 0.3557026109375 0.185546875 0.36352025 0.1904296875 0.3752467109375 0.201171875 0.3817614109375 0.1953125 0.3921849296875 0.1953125 0.41042608906250005 0.19921875 0.4182437296875 0.2041015625 0.42215255 0.21875 0.420849609375 0.2275390625 0.40912315 0.2353515625 0.41433490937500006 0.2412109375 0.41433490937500006 0.25 0.40260844999999995
0 0.265625 0.44430252968749995 0.2705078125 0.4377878296875 0.2783203125 0.4351819484375 0.28515625 0.42345548906249997 0.28515625 0.40260844999999995 0.28125 0.3921849296875 0.2744140625 0.38306435 0.2666015625 0.38306435 0.2626953125 0.3856702296875 0.25 0.40260844999999995 0.2470703125 0.41433490937500006 0.2353515625 0.41433490937500006 0.2236328125 0.42215255 0.216796875 0.433879009375 0.216796875 0.43909076875 0.21484375 0.4416966484375 0.216796875 0.44430252968749995 0.216796875 0.4495142890625 0.2275390625 0.46384662812500005 0.2314453125 0.46645250781250003 0.2392578125 0.46645250781250003 0.240234375 0.47557308750000005 0.2470703125 0.48469366718750007 0.2578125 0.483390728125 0.265625 0.470361328125 0.265625 0.45212016874999994 0.263671875 0.4495142890625 0.265625 0.44430252968749995
0 0.2958984375 0.3491879109375 0.302734375 0.33746145156249996 0.302734375 0.32964381249999997 0.3046875 0.32703793124999997 0.302734375 0.308796771875 0.2958984375 0.2970703125 0.2802734375 0.2970703125 0.2724609375 0.302282071875 0.267578125 0.3140085328125 0.259765625 0.321826171875 0.25390625 0.358308490625 0.2646484375 0.3752467109375 0.2685546875 0.377852590625 0.275390625 0.37654964999999996 0.279296875 0.37394377031250003 0.283203125 0.36352025 0.283203125 0.35309673125 0.2958984375 0.3491879109375
0 0.318359375 0.3817614109375 0.326171875 0.36873201093749997 0.326171875 0.358308490625 0.328125 0.3557026109375 0.326171875 0.35309673125 0.326171875 0.3452790921875 0.3193359375 0.3361585125 0.3076171875 0.3361585125 0.298828125 0.3452790921875 0.294921875 0.3557026109375 0.294921875 0.36612613125000004 0.291015625 0.37394377031250003 0.291015625 0.3791555296875 0.29296875 0.3817614109375 0.29296875 0.397396690625 0.294921875 0.40000257031249997 0.294921875 0.40521432968750004 0.3017578125 0.41433490937500006 0.314453125 0.4130319703125 0.318359375 0.41042608906250005 0.322265625 0.397396690625 0.3203125 0.394790809375 0.318359375 0.3817614109375
0 0.32421875 0.4312731296875 0.3173828125 0.42215255 0.3134765625 0.42215255 0.3115234375 0.4195466703125 0.3056640625 0.4195466703125 0.2880859375 0.43257606875 0.2841796875 0.43257606875 0.279296875 0.43909076875 0.275390625 0.4495142890625 0.275390625 0.45993780781250004 0.2822265625 0.46905838749999995 0.2939453125 0.46645250781250003 0.2998046875 0.47166426875 0.30859375 0.470361328125 0.3115234375 0.46905838749999995 0.318359375 0.457331928125 0.32421875 0.4364848890625 0.32421875 0.4312731296875
0 0.46484375 0.37394377031250003 0.46484375 0.36612613125000004 0.466796875 0.36352025 0.466796875 0.3557026109375 0.46484375 0.35309673125 0.47265625 0.3452790921875 0.47265625 0.34006733125 0.474609375 0.33746145156249996 0.47265625 0.321826171875 0.4560546875 0.2970703125 0.4501953125 0.2970703125 0.44140625 0.3061908921875 0.4375 0.3166144125 0.4375 0.33485557187500004 0.439453125 0.34006733125 0.4306640625 0.3439761515625 0.423828125 0.35309673125 0.423828125 0.358308490625 0.421875 0.3609143703125 0.423828125 0.37654964999999996 0.4287109375 0.3856702296875 0.4326171875 0.38827611093750003 0.443359375 0.3869731703125 0.4501953125 0.3804584703125 0.4541015625 0.3804584703125 0.4560546875 0.38306435 0.46484375 0.37394377031250003
0 0.513671875 0.36352025 0.513671875 0.3504908515625 0.509765625 0.34006733125 0.5009765625 0.33094675156250003 0.4873046875 0.33094675156250003 0.4833984375 0.33355263125 0.474609375 0.3478849703125 0.466796875 0.36873201093749997 0.466796875 0.37394377031250003 0.4716796875 0.3804584703125 0.4755859375 0.3804584703125 0.4775390625 0.38306435 0.48828125 0.3817614109375 0.4912109375 0.377852590625 0.5029296875 0.377852590625 0.5068359375 0.3752467109375 0.513671875 0.36352025
0 0.53515625 0.29837325312499996 0.53515625 0.2827379734375 0.5322265625 0.27622327343749997 0.5263671875 0.2710115125 0.5087890625 0.2710115125 0.4970703125 0.28404091249999996 0.4912109375 0.278829153125 0.4794921875 0.278829153125 0.47265625 0.285343853125 0.46875 0.30358501250000003 0.4775390625 0.3179173515625 0.4814453125 0.32052323125000004 0.4951171875 0.32052323125000004 0.4970703125 0.3231291125 0.5078125 0.321826171875 0.5126953125 0.32052323125000004 0.5166015625 0.31531147187499997 0.53125 0.3061908921875 0.53515625 0.29837325312499996
0 0.556640625 0.3478849703125 0.55859375 0.3452790921875 0.556640625 0.34267321093750003 0.5546875 0.321826171875 0.5478515625 0.3127055921875 0.5400390625 0.3127055921875 0.5322265625 0.3179173515625 0.51953125 0.33746145156249996 0.517578125 0.36873201093749997 0.521484375 0.3817614109375 0.5283203125 0.38827611093750003 0.5390625 0.3869731703125 0.54296875 0.3817614109375 0.54296875 0.371337890625 0.5546875 0.3609143703125 0.556640625 0.3478849703125
0 0.5732421875 0.4169407890625 0.58203125 0.40521432968750004 0.58203125 0.3791555296875 0.580078125 0.37394377031250003 0.5732421875 0.3674290703125 0.5595703125 0.3674290703125 0.5556640625 0.37003495000000003 0.537109375 0.397396690625 0.537109375 0.4130319703125 0.5390625 0.41563785 0.53515625 0.42606136875 0.537109375 0.4469084078125 0.5439453125 0.4534231078125 0.556640625 0.45212016874999994 0.5595703125 0.45081722968750004 0.56640625 0.43909076875 0.56640625 0.420849609375 0.5732421875 0.4169407890625
0 0.4765625 0.4182437296875 0.4765625 0.40782020937499996 0.470703125 0.38957905 0.4619140625 0.38306435 0.4560546875 0.38306435 0.4482421875 0.38827611093750003 0.439453125 0.40000257031249997 0.4375 0.4182437296875 0.435546875 0.420849609375 0.435546875 0.4469084078125 0.4375 0.45212016874999994 0.4443359375 0.45863486875000004 0.4482421875 0.45863486875000004 0.4501953125 0.46124074843749996 0.455078125 0.45993780781250004 0.458984375 0.45472604843750003 0.4609375 0.4416966484375 0.47265625 0.42866725 0.4765625 0.4182437296875
0 0.533203125 0.4364848890625 0.5263671875 0.427364309375 0.51953125 0.42345548906249997 0.51953125 0.40782020937499996 0.515625 0.394790809375 0.5068359375 0.38827611093750003 0.4970703125 0.38827611093750003 0.486328125 0.40000257031249997 0.482421875 0.41042608906250005 0.482421875 0.42606136875 0.478515625 0.4312731296875 0.478515625 0.4416966484375 0.4873046875 0.4534231078125 0.4951171875 0.4534231078125 0.5 0.4625436875 0.5 0.46775544843750005 0.5048828125 0.4742701484375 0.5087890625 0.4742701484375 0.5107421875 0.47687602812499996 0.51953125 0.47557308750000005 0.5322265625 0.46905838749999995 0.5390625 0.45993780781250004 0.5390625 0.4495142890625 0.533203125 0.4364848890625
0 0.5009765625 0.487299546875 0.50390625 0.48078484843749997 0.4853515625 0.46384662812500005 0.4736328125 0.46124074843749996 0.4716796875 0.45863486875000004 0.4638671875 0.45863486875000004 0.4619140625 0.46124074843749996 0.4580078125 0.46124074843749996 0.44921875 0.47296720781249996 0.447265625 0.493814246875 0.4521484375 0.5003289468750001 0.453125 0.4990260078125 0.4638671875 0.4925113078125 0.4716796875 0.4925113078125 0.4736328125 0.489905428125 0.5009765625 0.487299546875
0 0.7080078125 0.27361739375 0.7060546875 0.27622327343749997 0.7021484375 0.27622327343749997 0.6953125 0.285343853125 0.693359375 0.2905556125 0.693359375 0.3061908921875 0.69921875 0.3166144125 0.697265625 0.3192202921875 0.697265625 0.3322496921875 0.69921875 0.33746145156249996 0.7060546875 0.3439761515625 0.712890625 0.34267321093750003 0.724609375 0.32703793124999997 0.7265625 0.2905556125 0.7158203125 0.27361739375 0.7080078125 0.27361739375
0 0.787109375 0.3009791328125 0.78515625 0.285343853125 0.7763671875 0.27622327343749997 0.7568359375 0.27622327343749997 0.7490234375 0.2631938734375 0.7392578125 0.265799753125 0.73046875 0.2827379734375 0.73046875 0.2931614921875 0.732421875 0.29837325312499996 0.7421875 0.3114026515625 0.7421875 0.3140085328125 0.7490234375 0.32052323125000004 0.7529296875 0.32052323125000004 0.7548828125 0.3231291125 0.76953125 0.321826171875 0.7783203125 0.3179173515625 0.78515625 0.308796771875 0.78515625 0.30358501250000003 0.787109375 0.3009791328125
0 0.80078125 0.3817614109375 0.80078125 0.36352025 0.7919921875 0.3491879109375 0.7861328125 0.3491879109375 0.7841796875 0.34658203125 0.7744140625 0.3491879109375 0.7705078125 0.35439967031249997 0.767578125 0.3478849703125 0.767578125 0.34267321093750003 0.7568359375 0.3257349921875 0.7490234375 0.32052323125000004 0.7431640625 0.32052323125000004 0.7392578125 0.3231291125 0.734375 0.3322496921875 0.734375 0.33746145156249996 0.73046875 0.3478849703125 0.73046875 0.36352025 0.7412109375 0.3804584703125 0.7451171875 0.3804584703125 0.748046875 0.3869731703125 0.7578125 0.397396690625 0.759765625 0.40260844999999995 0.7578125 0.40521432968750004 0.7578125 0.41563785 0.759765625 0.420849609375 0.7646484375 0.427364309375 0.7685546875 0.427364309375 0.7705078125 0.4299701890625 0.779296875 0.42866725 0.787109375 0.41563785 0.787109375 0.40000257031249997 0.7919921875 0.39609375 0.80078125 0.3817614109375
0 0.72265625 0.3791555296875 0.724609375 0.37654964999999996 0.72265625 0.358308490625 0.7138671875 0.34658203125 0.7021484375 0.34658203125 0.6962890625 0.35961143125 0.6884765625 0.35961143125 0.6787109375 0.364823190625 0.671875 0.3791555296875 0.671875 0.384367290625 0.677734375 0.40260844999999995 0.6845703125 0.41172902968749997 0.6884765625 0.41433490937500006 0.701171875 0.41563785 0.701171875 0.42606136875 0.705078125 0.4364848890625 0.7138671875 0.4482113484375 0.7177734375 0.45081722968750004 0.7265625 0.4495142890625 0.736328125 0.4312731296875 0.736328125 0.41042608906250005 0.72265625 0.38957905 0.72265625 0.3791555296875
0 0.7646484375 0.4820877875 0.7724609375 0.487299546875 0.7822265625 0.48469366718750007 0.791015625 0.47296720781249996 0.791015625 0.45472604843750003 0.787109375 0.44430252968749995 0.7783203125 0.43257606875 0.7705078125 0.427364309375 0.7587890625 0.4299701890625 0.7548828125 0.4247584296875 0.7431640625 0.4247584296875 0.73828125 0.42866725 0.734375 0.43909076875 0.736328125 0.45472604843750003 0.7216796875 0.4560289875 0.7177734375 0.45863486875000004 0.712890625 0.46514956874999996 0.7109375 0.483390728125 0.71484375 0.496420128125 0.7236328125 0.5055407078124999 0.7333984375 0.5055407078124999 0.7412109375 0.5003289468750001 0.7421875 0.5042377671875 0.7490234375 0.5107524671875 0.755859375 0.5094495265625001 0.7587890625 0.5081465875 0.76171875 0.5016318875 0.76171875 0.4859966078125 0.7646484375 0.4820877875