0 0.240234375 0.40782020937499996 0.2373046875 0.4039113890625 0.2294921875 0.4039113890625 0.2265625 0.41042608906250005 0.2265625 0.420849609375 0.2177734375 0.4247584296875 0.21484375 0.4312731296875 0.21875 0.43909076875 0.2255859375 0.44560546875 0.2294921875 0.44299958906250003 0.2333984375 0.44299958906250003 0.2353515625 0.44560546875 0.23828125 0.44430252968749995 0.236328125 0.43909076875 0.236328125 0.42866725 0.240234375 0.42606136875 0.240234375 0.40782020937499996
0 0.2666015625 0.4482113484375 0.2626953125 0.45081722968750004 0.259765625 0.4469084078125 0.2626953125 0.440393709375 0.2666015625 0.44299958906250003 0.26953125 0.4416966484375 0.26953125 0.4312731296875 0.2666015625 0.427364309375 0.2607421875 0.427364309375 0.2548828125 0.4169407890625 0.2490234375 0.4169407890625 0.234375 0.4364848890625 0.234375 0.43909076875 0.236328125 0.44430252968749995 0.2421875 0.4495142890625 0.2421875 0.45472604843750003 0.2470703125 0.46124074843749996 0.255859375 0.45993780781250004 0.2568359375 0.4560289875 0.2626953125 0.4560289875 0.26953125 0.4495142890625 0.2666015625 0.4482113484375
0 0.23828125 0.4469084078125 0.2353515625 0.44299958906250003 0.2275390625 0.44299958906250003 0.22265625 0.4495142890625 0.220703125 0.457331928125 0.2333984375 0.47166426875 0.240234375 0.470361328125 0.244140625 0.46514956874999996 0.244140625 0.45993780781250004 0.23828125 0.45212016874999994 0.23828125 0.4469084078125
0 0.2568359375 0.45863486875000004 0.2529296875 0.45863486875000004 0.2451171875 0.46384662812500005 0.240234375 0.470361328125 0.23828125 0.4886024875 0.2412109375 0.4925113078125 0.248046875 0.4912083671875 0.2529296875 0.4820877875 0.2607421875 0.4794819078125 0.263671875 0.47296720781249996 0.2568359375 0.45863486875000004
0 0.4990234375 0.41172902968749997 0.4873046875 0.4039113890625 0.4833984375 0.4039113890625 0.478515625 0.41042608906250005 0.478515625 0.4182437296875 0.47265625 0.42606136875 0.47265625 0.4364848890625 0.4794921875 0.44299958906250003 0.484375 0.4416966484375 0.490234375 0.433879009375 0.490234375 0.42866725 0.5 0.4182437296875 0.4990234375 0.41172902968749997
0 0.51171875 0.4469084078125 0.5087890625 0.44299958906250003 0.4990234375 0.44299958906250003 0.4951171875 0.4377878296875 0.4892578125 0.4377878296875 0.484375 0.4416966484375 0.482421875 0.4469084078125 0.4873046875 0.45863486875000004 0.4931640625 0.46384662812500005 0.5009765625 0.46384662812500005 0.501953125 0.47296720781249996 0.5068359375 0.4794819078125 0.513671875 0.47817896718749997 0.517578125 0.47296720781249996 0.517578125 0.46775544843750005 0.51171875 0.457331928125 0.51171875 0.4469084078125
0 0.5302734375 0.4351819484375 0.533203125 0.42866725 0.533203125 0.42345548906249997 0.5234375 0.4130319703125 0.5234375 0.40782020937499996 0.5205078125 0.4039113890625 0.5126953125 0.4039113890625 0.5078125 0.41042608906250005 0.5078125 0.41563785 0.5048828125 0.4195466703125 0.5009765625 0.4195466703125 0.5 0.4130319703125 0.4951171875 0.40912315 0.4921875 0.41563785 0.49609375 0.420849609375 0.494140625 0.42345548906249997 0.498046875 0.42606136875 0.498046875 0.4364848890625 0.5029296875 0.440393709375 0.51171875 0.43909076875 0.5166015625 0.4351819484375 0.5205078125 0.4351819484375 0.5224609375 0.4377878296875 0.5302734375 0.4351819484375
0 0.7333984375 0.390881990625 0.728515625 0.394790809375 0.728515625 0.40260844999999995 0.7236328125 0.40651727031249996 0.71875 0.41563785 0.7236328125 0.427364309375 0.73046875 0.42606136875 0.7421875 0.4130319703125 0.7421875 0.40521432968750004 0.73828125 0.394790809375 0.7333984375 0.390881990625
0 0.75 0.4364848890625 0.7451171875 0.4299701890625 0.7294921875 0.43257606875 0.7236328125 0.427364309375 0.716796875 0.433879009375 0.716796875 0.44430252968749995 0.7216796875 0.45081722968750004 0.7294921875 0.45081722968750004 0.7353515625 0.46124074843749996 0.740234375 0.45993780781250004 0.7431640625 0.45863486875000004 0.748046875 0.4495142890625 0.748046875 0.43909076875 0.75 0.4364848890625
0 0.7607421875 0.4482113484375 0.7529296875 0.44560546875 0.748046875 0.4495142890625 0.748046875 0.45472604843750003 0.751953125 0.4625436875 0.751953125 0.47557308750000005 0.755859375 0.47557308750000005 0.7578125 0.470361328125 0.763671875 0.46514956874999996 0.765625 0.457331928125 0.7607421875 0.4482113484375
0 0.7744140625 0.4299701890625 0.7705078125 0.43257606875 0.7626953125 0.4247584296875 0.7568359375 0.4247584296875 0.75390625 0.42866725 0.755859375 0.433879009375 0.75390625 0.4364848890625 0.75390625 0.4416966484375 0.7568359375 0.44560546875 0.7607421875 0.44560546875 0.7666015625 0.4560289875 0.7734375 0.45472604843750003 0.78515625 0.44430252968749995 0.78515625 0.433879009375 0.7822265625 0.4299701890625 0.7744140625 0.4299701890625
0 0.7705078125 0.39609375 0.7626953125 0.39609375 0.759765625 0.40260844999999995 0.759765625 0.40782020937499996 0.765625 0.4130319703125 0.765625 0.42345548906249997 0.7685546875 0.427364309375 0.77734375 0.42606136875 0.783203125 0.41563785 0.783203125 0.40782020937499996 0.7783203125 0.40130550937500004 0.7705078125 0.39609375
0 0.7421875 0.394790809375 0.7421875 0.40260844999999995 0.7451171875 0.40651727031249996 0.7578125 0.40521432968750004 0.76171875 0.38957905 0.7587890625 0.38306435 0.7529296875 0.3804584703125 0.7421875 0.394790809375