0 0.2939453125 0.5472347859375 0.2783203125 0.5420230265625 0.2763671875 0.54462890625 0.2607421875 0.549840665625 0.251953125 0.5615671250000001 0.251953125 0.569384765625 0.2646484375 0.588928865625 0.27734375 0.587625925 0.2841796875 0.5837171046875 0.296875 0.5667788859375 0.298828125 0.556355365625 0.2939453125 0.5472347859375
0 0.314453125 0.5094495265625001 0.3056640625 0.4977230671875 0.2978515625 0.4977230671875 0.294921875 0.5016318875 0.294921875 0.5120554078125 0.291015625 0.519873046875 0.291015625 0.532902446875 0.2978515625 0.54462890625 0.3017578125 0.5472347859375 0.30859375 0.5459318453125 0.314453125 0.5381142062500001 0.31640625 0.5172671671875 0.314453125 0.5146612875 0.314453125 0.5094495265625001
0 0.3212890625 0.4560289875 0.3193359375 0.45863486875000004 0.3134765625 0.45863486875000004 0.3037109375 0.46645250781250003 0.296875 0.483390728125 0.296875 0.493814246875 0.2998046875 0.4977230671875 0.3037109375 0.4977230671875 0.3134765625 0.5055407078124999 0.318359375 0.5042377671875 0.32421875 0.496420128125 0.33203125 0.47557308750000005 0.330078125 0.4625436875 0.3212890625 0.4560289875
0 0.30078125 0.46775544843750005 0.296875 0.45472604843750003 0.2841796875 0.440393709375 0.2783203125 0.440393709375 0.2763671875 0.4377878296875 0.2646484375 0.4377878296875 0.2626953125 0.440393709375 0.2587890625 0.440393709375 0.248046875 0.457331928125 0.248046875 0.46514956874999996 0.259765625 0.47817896718749997 0.26171875 0.4859966078125 0.2666015625 0.4925113078125 0.2705078125 0.4951171875 0.28125 0.493814246875 0.2938856015625 0.5052631578125 0.298828125 0.47557308750000005 0.298828125 0.470361328125 0.30078125 0.46775544843750005
0 0.26171875 0.5016318875 0.259765625 0.496420128125 0.2431640625 0.47687602812499996 0.2255859375 0.4820877875 0.22265625 0.4886024875 0.22265625 0.4990260078125 0.23046875 0.5094495265625001 0.228515625 0.5120554078125 0.232421875 0.52508480625 0.2412109375 0.5368112671875 0.25 0.5355083265625 0.259765625 0.52508480625 0.259765625 0.519873046875 0.26171875 0.5172671671875 0.26171875 0.5016318875
0 0.2138671875 0.51857010625 0.216796875 0.5120554078125 0.216796875 0.5016318875 0.2119140625 0.4951171875 0.2041015625 0.489905428125 0.1982421875 0.489905428125 0.1904296875 0.4977230671875 0.1826171875 0.5003289468750001 0.17578125 0.5146612875 0.17578125 0.5276906875 0.1806640625 0.5394171453125 0.1845703125 0.5420230265625 0.19921875 0.5407200859375 0.203125 0.5355083265625 0.205078125 0.52508480625 0.2099609375 0.51857010625 0.2138671875 0.51857010625
0 0.197265625 0.46775544843750005 0.193359375 0.45472604843750003 0.1884765625 0.4482113484375 0.1826171875 0.4482113484375 0.169921875 0.45993780781250004 0.16796875 0.47296720781249996 0.1767578125 0.4951171875 0.1806640625 0.4977230671875 0.189453125 0.496420128125 0.19921875 0.4886024875 0.19921875 0.48078484843749997 0.197265625 0.47817896718749997 0.197265625 0.46775544843750005
0 0.2138671875 0.44299958906250003 0.2041015625 0.44299958906250003 0.197265625 0.45212016874999994 0.197265625 0.45993780781250004 0.1953125 0.4625436875 0.197265625 0.46514956874999996 0.197265625 0.470361328125 0.2060546875 0.48469366718750007 0.21484375 0.483390728125 0.22265625 0.47296720781249996 0.224609375 0.46775544843750005 0.224609375 0.457331928125 0.2138671875 0.44299958906250003
0 0.2509765625 0.42215255 0.2353515625 0.41172902968749997 0.2177734375 0.4169407890625 0.212890625 0.42606136875 0.2109375 0.43909076875 0.2294921875 0.46384662812500005 0.240234375 0.4625436875 0.25390625 0.4469084078125 0.255859375 0.4416966484375 0.255859375 0.42866725 0.2509765625 0.42215255
0 0.232421875 0.3921849296875 0.2216796875 0.3674290703125 0.2060546875 0.35961143125 0.1904296875 0.3726408296875 0.18359375 0.38957905 0.185546875 0.3921849296875 0.185546875 0.397396690625 0.1923828125 0.40651727031249996 0.2041015625 0.41433490937500006 0.21484375 0.4130319703125 0.2197265625 0.40912315 0.2294921875 0.40651727031249996 0.232421875 0.40260844999999995 0.232421875 0.3921849296875
0 0.1953125 0.41042608906250005 0.1875 0.40260844999999995 0.185546875 0.394790809375 0.1806640625 0.38827611093750003 0.1767578125 0.38827611093750003 0.171875 0.394790809375 0.16796875 0.40782020937499996 0.16796875 0.41563785 0.166015625 0.4182437296875 0.166015625 0.4416966484375 0.1708984375 0.4482113484375 0.1796875 0.4469084078125 0.197265625 0.42606136875 0.197265625 0.4182437296875 0.1953125 0.41563785 0.1953125 0.41042608906250005
0 0.279296875 0.40000257031249997 0.279296875 0.38957905 0.2705078125 0.3752467109375 0.2666015625 0.3726408296875 0.2587890625 0.3752467109375 0.251953125 0.384367290625 0.251953125 0.38957905 0.25 0.3921849296875 0.25 0.40782020937499996 0.255859375 0.42345548906249997 0.2587890625 0.427364309375 0.2705078125 0.4299701890625 0.2744140625 0.4351819484375 0.2802734375 0.4351819484375 0.2822265625 0.4377878296875 0.28515625 0.4364848890625 0.296875 0.42345548906249997 0.296875 0.4130319703125 0.2919921875 0.40651727031249996 0.279296875 0.40000257031249997
0 0.25390625 0.34267321093750003 0.25 0.33485557187500004 0.2431640625 0.328340871875 0.2333984375 0.328340871875 0.2265625 0.33746145156249996 0.22265625 0.3504908515625 0.224609375 0.37394377031250003 0.2294921875 0.38306435 0.2333984375 0.3856702296875 0.23828125 0.384367290625 0.248046875 0.37654964999999996 0.255859375 0.358308490625 0.255859375 0.3478849703125 0.25390625 0.34267321093750003
0 0.201171875 0.33485557187500004 0.1982421875 0.33094675156250003 0.1923828125 0.33355263125 0.18359375 0.3452790921875 0.17578125 0.36612613125000004 0.17578125 0.36873201093749997 0.1826171875 0.3752467109375 0.189453125 0.37394377031250003 0.205078125 0.358308490625 0.205078125 0.35309673125 0.201171875 0.3452790921875 0.201171875 0.33485557187500004
0 0.2744140625 0.3127055921875 0.2666015625 0.3074938328125 0.2626953125 0.3074938328125 0.2607421875 0.304887953125 0.2470703125 0.304887953125 0.2421875 0.3114026515625 0.2421875 0.321826171875 0.244140625 0.32703793124999997 0.2529296875 0.3413702703125 0.2568359375 0.3439761515625 0.267578125 0.34267321093750003 0.271484375 0.33485557187500004 0.27734375 0.32964381249999997 0.279296875 0.3192202921875 0.2744140625 0.3127055921875
0 0.244140625 0.3166144125 0.244140625 0.308796771875 0.24609375 0.3061908921875 0.2353515625 0.304887953125 0.2333984375 0.3074938328125 0.2158203125 0.3100997125 0.203125 0.321826171875 0.2041015625 0.328340871875 0.2080078125 0.33094675156250003 0.212890625 0.32964381249999997 0.2275390625 0.328340871875 0.2294921875 0.3257349921875 0.2392578125 0.3231291125 0.244140625 0.3166144125
0 0.2880859375 0.3413702703125 0.2744140625 0.3413702703125 0.267578125 0.3504908515625 0.267578125 0.36873201093749997 0.2802734375 0.38827611093750003 0.2841796875 0.390881990625 0.2890625 0.38957905 0.291015625 0.37654964999999996 0.296875 0.36352025 0.294921875 0.3504908515625 0.2880859375 0.3413702703125
0 0.3134765625 0.3570055515625 0.3056640625 0.3570055515625 0.3017578125 0.35961143125 0.291015625 0.37654964999999996 0.291015625 0.3921849296875 0.2998046875 0.40130550937500004 0.30859375 0.40000257031249997 0.314453125 0.394790809375 0.3203125 0.3791555296875 0.3203125 0.36612613125000004 0.3134765625 0.3570055515625
0 0.333984375 0.394790809375 0.3310546875 0.38827611093750003 0.3212890625 0.38827611093750003 0.310546875 0.40782020937499996 0.310546875 0.42345548906249997 0.3291015625 0.45081722968750004 0.333984375 0.4495142890625 0.3359375 0.44430252968749995 0.3359375 0.420849609375 0.33203125 0.41042608906250005 0.333984375 0.394790809375
0 0.30859375 0.33485557187500004 0.3017578125 0.33094675156250003 0.30078125 0.32703793124999997 0.2939453125 0.32052323125000004 0.2822265625 0.3127055921875 0.279296875 0.3192202921875 0.29296875 0.3478849703125 0.2998046875 0.3570055515625 0.306640625 0.3557026109375 0.310546875 0.35309673125 0.310546875 0.3452790921875 0.3125 0.34267321093750003 0.30859375 0.33485557187500004
0 0.47265625 0.493814246875 0.4697265625 0.487299546875 0.4580078125 0.4794819078125 0.4541015625 0.4794819078125 0.447265625 0.4912083671875 0.447265625 0.5068436468749999 0.4560546875 0.5211759875 0.4619140625 0.526387746875 0.46484375 0.52508480625 0.470703125 0.519873046875 0.470703125 0.5146612875 0.47265625 0.5120554078125 0.47265625 0.493814246875
0 0.4755859375 0.46645250781250003 0.4677734375 0.46645250781250003 0.4638671875 0.46384662812500005 0.458984375 0.470361328125 0.458984375 0.47817896718749997 0.4638671875 0.48469366718750007 0.4677734375 0.48469366718750007 0.4736328125 0.489905428125 0.48046875 0.4886024875 0.490234375 0.47817896718749997 0.4873046875 0.46905838749999995 0.4775390625 0.46905838749999995 0.4755859375 0.46645250781250003
0 0.4970703125 0.41172902968749997 0.4931640625 0.41172902968749997 0.4912109375 0.40912315 0.4814453125 0.4169407890625 0.4677734375 0.4195466703125 0.4609375 0.42866725 0.4609375 0.4495142890625 0.462890625 0.45212016874999994 0.462890625 0.45993780781250004 0.4677734375 0.46645250781250003 0.4716796875 0.46645250781250003 0.4736328125 0.46905838749999995 0.486328125 0.46775544843750005 0.494140625 0.457331928125 0.501953125 0.433879009375 0.501953125 0.420849609375 0.4970703125 0.41172902968749997
0 0.458984375 0.4312731296875 0.4501953125 0.4299701890625 0.4482421875 0.43257606875 0.4404296875 0.43257606875 0.431640625 0.44430252968749995 0.431640625 0.45993780781250004 0.4404296875 0.47166426875 0.45703125 0.470361328125 0.4609375 0.46514956874999996 0.4609375 0.4416966484375 0.458984375 0.43909076875 0.458984375 0.4312731296875
0 0.5087890625 0.46124074843749996 0.5009765625 0.46124074843749996 0.4951171875 0.46645250781250003 0.490234375 0.47557308750000005 0.4921875 0.4912083671875 0.4970703125 0.4977230671875 0.5009765625 0.5003289468750001 0.50390625 0.4990260078125 0.5146484375 0.4925113078125 0.517578125 0.483390728125 0.513671875 0.46514956874999996 0.5087890625 0.46124074843749996
0 0.5244140625 0.4560289875 0.4970703125 0.46384662812500005 0.490234375 0.47557308750000005 0.490234375 0.483390728125 0.4951171875 0.4977230671875 0.5087890625 0.4977230671875 0.5126953125 0.4925113078125 0.5166015625 0.4925113078125 0.5283203125 0.502934828125 0.537109375 0.5016318875 0.544921875 0.493814246875 0.546875 0.4886024875 0.546875 0.47817896718749997 0.5244140625 0.4560289875
0 0.5419921875 0.4351819484375 0.529296875 0.44430252968749995 0.52734375 0.457331928125 0.5302734375 0.46384662812500005 0.5400390625 0.47166426875 0.55078125 0.470361328125 0.556640625 0.4625436875 0.556640625 0.4495142890625 0.5517578125 0.4377878296875 0.5419921875 0.4351819484375
0 0.556640625 0.40521432968750004 0.5498046875 0.3934878703125 0.5458984375 0.390881990625 0.5380859375 0.390881990625 0.5322265625 0.39609375 0.5166015625 0.4195466703125 0.513671875 0.420849609375 0.513671875 0.42866725 0.5263671875 0.44299958906250003 0.529296875 0.4416966484375 0.5380859375 0.4351819484375 0.5458984375 0.4351819484375 0.552734375 0.42606136875 0.556640625 0.40521432968750004
0 0.5849609375 0.4169407890625 0.5751953125 0.4169407890625 0.5673828125 0.42215255 0.55859375 0.43909076875 0.55859375 0.4469084078125 0.5712890625 0.46384662812500005 0.5751953125 0.46645250781250003 0.578125 0.46514956874999996 0.583984375 0.45993780781250004 0.587890625 0.4495142890625 0.58984375 0.42345548906249997 0.5849609375 0.4169407890625
0 0.5830078125 0.3674290703125 0.5673828125 0.3674290703125 0.5576171875 0.3752467109375 0.5537109375 0.3752467109375 0.548828125 0.3817614109375 0.548828125 0.3921849296875 0.55859375 0.40521432968750004 0.55859375 0.40782020937499996 0.5673828125 0.4169407890625 0.57421875 0.41563785 0.5791015625 0.41433490937500006 0.5859375 0.40260844999999995 0.587890625 0.37394377031250003 0.5830078125 0.3674290703125
0 0.5576171875 0.41172902968749997 0.5546875 0.41563785 0.5546875 0.42345548906249997 0.552734375 0.42606136875 0.5556640625 0.4299701890625 0.560546875 0.42866725 0.56640625 0.42345548906249997 0.56640625 0.41563785 0.5615234375 0.41172902968749997 0.5576171875 0.41172902968749997
0 0.5458984375 0.3439761515625 0.5400390625 0.3491879109375 0.5361328125 0.3491879109375 0.5322265625 0.3439761515625 0.5205078125 0.3491879109375 0.5078125 0.37654964999999996 0.5087890625 0.3804584703125 0.5126953125 0.3804584703125 0.5263671875 0.38827611093750003 0.537109375 0.3869731703125 0.5419921875 0.3856702296875 0.55078125 0.371337890625 0.55078125 0.3478849703125 0.5458984375 0.3439761515625
0 0.55078125 0.371337890625 0.55078125 0.3609143703125 0.5458984375 0.35439967031249997 0.5341796875 0.34658203125 0.5244140625 0.34658203125 0.51171875 0.36352025 0.509765625 0.37654964999999996 0.50390625 0.38957905 0.505859375 0.40000257031249997 0.5126953125 0.40912315 0.51953125 0.41042608906250005 0.529296875 0.40000257031249997 0.5322265625 0.38827611093750003 0.5419921875 0.3856702296875 0.55078125 0.371337890625
0 0.470703125 0.32703793124999997 0.4599609375 0.3179173515625 0.4326171875 0.31531147187499997 0.4296875 0.3192202921875 0.427734375 0.33485557187500004 0.435546875 0.3478849703125 0.435546875 0.358308490625 0.4482421875 0.3726408296875 0.466796875 0.371337890625 0.4697265625 0.37003495000000003 0.474609375 0.3609143703125 0.474609375 0.33746145156249996 0.470703125 0.32703793124999997
0 0.4208984375 0.3387643921875 0.4169921875 0.3413702703125 0.4140625 0.3478849703125 0.4140625 0.3609143703125 0.41796875 0.37394377031250003 0.4228515625 0.3804584703125 0.42578125 0.3791555296875 0.435546875 0.371337890625 0.435546875 0.3557026109375 0.4306640625 0.3413702703125 0.4208984375 0.3387643921875
0 0.435546875 0.37654964999999996 0.4326171875 0.3726408296875 0.4248046875 0.377852590625 0.4189453125 0.377852590625 0.416015625 0.3817614109375 0.4140625 0.40782020937499996 0.416015625 0.41042608906250005 0.41796875 0.42606136875 0.4208984375 0.4299701890625 0.421875 0.42866725 0.427734375 0.4182437296875 0.427734375 0.40782020937499996 0.435546875 0.3869731703125 0.435546875 0.37654964999999996
0 0.4560546875 0.3856702296875 0.4521484375 0.3856702296875 0.4501953125 0.38306435 0.4365234375 0.3856702296875 0.427734375 0.40260844999999995 0.42578125 0.4182437296875 0.4404296875 0.4299701890625 0.453125 0.42866725 0.466796875 0.41563785 0.466796875 0.40782020937499996 0.4609375 0.3921849296875 0.4560546875 0.3856702296875
0 0.4794921875 0.3726408296875 0.4638671875 0.3726408296875 0.458984375 0.3817614109375 0.458984375 0.38957905 0.466796875 0.41042608906250005 0.4716796875 0.41433490937500006 0.484375 0.4130319703125 0.4921875 0.40521432968750004 0.4921875 0.3869731703125 0.490234375 0.3817614109375 0.4794921875 0.3726408296875
0 0.51171875 0.34267321093750003 0.509765625 0.33746145156249996 0.4990234375 0.3257349921875 0.4912109375 0.32052323125000004 0.4814453125 0.32052323125000004 0.474609375 0.3322496921875 0.474609375 0.3609143703125 0.490234375 0.38957905 0.4951171875 0.3934878703125 0.49609375 0.3921849296875 0.50390625 0.3791555296875 0.50390625 0.37394377031250003 0.51171875 0.358308490625 0.51171875 0.34267321093750003
0 0.4765625 0.2775262125 0.4716796875 0.265799753125 0.4599609375 0.265799753125 0.4541015625 0.2710115125 0.4453125 0.2827379734375 0.4375 0.29837325312499996 0.4375 0.3061908921875 0.4423828125 0.3127055921875 0.451171875 0.3114026515625 0.4580078125 0.2996761921875 0.4677734375 0.2944644328125 0.474609375 0.285343853125 0.4765625 0.2775262125
0 0.4951171875 0.27622327343749997 0.4912109375 0.27622327343749997 0.4892578125 0.27361739375 0.4814453125 0.27361739375 0.4775390625 0.27622327343749997 0.4765625 0.285343853125 0.474609375 0.28794973281249997 0.4765625 0.29837325312499996 0.4814453125 0.302282071875 0.4853515625 0.302282071875 0.4892578125 0.3074938328125 0.49609375 0.3061908921875 0.501953125 0.295767371875 0.50390625 0.2801320921875 0.4970703125 0.27361739375 0.4951171875 0.27622327343749997
0 0.466796875 0.3061908921875 0.4716796875 0.3127055921875 0.48046875 0.3114026515625 0.4765625 0.2905556125 0.4716796875 0.28925267187500003 0.46484375 0.29837325312499996 0.466796875 0.3061908921875
0 0.533203125 0.3009791328125 0.533203125 0.295767371875 0.5244140625 0.2866467921875 0.5068359375 0.28925267187500003 0.5 0.30358501250000003 0.5 0.3166144125 0.50390625 0.32703793124999997 0.5107421875 0.3361585125 0.525390625 0.33485557187500004 0.5283203125 0.33355263125 0.53515625 0.321826171875 0.53515625 0.30358501250000003 0.533203125 0.3009791328125
0 0.5146484375 0.26058799375 0.51171875 0.2644968125 0.51171875 0.2697085734375 0.5078125 0.2749203328125 0.5107421875 0.278829153125 0.5205078125 0.2866467921875 0.53125 0.285343853125 0.537109375 0.2749203328125 0.5361328125 0.2631938734375 0.5322265625 0.26058799375 0.5146484375 0.26058799375
0 0.4931640625 0.24234683437500001 0.4892578125 0.24234683437500001 0.4873046875 0.2397409546875 0.4716796875 0.2397409546875 0.46875 0.2436497734375 0.466796875 0.2566791734375 0.4736328125 0.2631938734375 0.48046875 0.2618909328125 0.4853515625 0.2553762328125 0.4892578125 0.2553762328125 0.494140625 0.2514674140625 0.4931640625 0.24234683437500001
0 0.4619140625 0.302282071875 0.458984375 0.3061908921875 0.458984375 0.3140085328125 0.4638671875 0.32052323125000004 0.474609375 0.3244320515625 0.4765625 0.321826171875 0.4765625 0.308796771875 0.4697265625 0.302282071875 0.4619140625 0.302282071875
0 0.560546875 0.30358501250000003 0.55859375 0.3009791328125 0.55859375 0.2827379734375 0.5517578125 0.2710115125 0.5419921875 0.2684056328125 0.53515625 0.2775262125 0.53515625 0.2905556125 0.533203125 0.295767371875 0.537109375 0.308796771875 0.5458984375 0.32052323125000004 0.5546875 0.3192202921875 0.55859375 0.3166144125 0.55859375 0.3114026515625 0.560546875 0.308796771875 0.560546875 0.30358501250000003
0 0.572265625 0.3192202921875 0.57421875 0.3166144125 0.572265625 0.308796771875 0.5673828125 0.302282071875 0.5634765625 0.302282071875 0.560546875 0.3061908921875 0.55859375 0.3166144125 0.55078125 0.3244320515625 0.5517578125 0.328340871875 0.556640625 0.32964381249999997 0.556640625 0.33485557187500004 0.55078125 0.33485557187500004 0.55859375 0.34267321093750003 0.564453125 0.3609143703125 0.5693359375 0.3674290703125 0.583984375 0.36612613125000004 0.587890625 0.3557026109375 0.5859375 0.33746145156249996 0.583984375 0.3322496921875 0.572265625 0.3192202921875
0 0.7568359375 0.48469366718750007 0.7470703125 0.48469366718750007 0.7421875 0.4912083671875 0.744140625 0.5120554078125 0.74609375 0.5172671671875 0.7509765625 0.5211759875 0.759765625 0.519873046875 0.76953125 0.5094495265625001 0.76953125 0.5016318875 0.7646484375 0.489905428125 0.7568359375 0.48469366718750007
0 0.744140625 0.5120554078125 0.7421875 0.4990260078125 0.7373046875 0.4925113078125 0.7294921875 0.489905428125 0.7255859375 0.4951171875 0.7197265625 0.4977230671875 0.712890625 0.5068436468749999 0.712890625 0.5120554078125 0.7109375 0.5146612875 0.7109375 0.5302965671875 0.7216796875 0.5420230265625 0.736328125 0.5407200859375 0.744140625 0.532902446875 0.74609375 0.5276906875 0.74609375 0.5146612875 0.744140625 0.5120554078125
0 0.75390625 0.470361328125 0.7470703125 0.4560289875 0.7275390625 0.4482113484375 0.724609375 0.45212016874999994 0.724609375 0.46775544843750005 0.728515625 0.47296720781249996 0.728515625 0.483390728125 0.7353515625 0.489905428125 0.7421875 0.4886024875 0.7470703125 0.48469366718750007 0.7529296875 0.48469366718750007 0.755859375 0.48078484843749997 0.75390625 0.470361328125
0 0.7587890625 0.40912315 0.7548828125 0.40912315 0.7529296875 0.40651727031249996 0.7353515625 0.40651727031249996 0.7314453125 0.40912315 0.724609375 0.4182437296875 0.724609375 0.4364848890625 0.7265625 0.43909076875 0.7265625 0.4469084078125 0.7412109375 0.45081722968750004 0.7451171875 0.4560289875 0.751953125 0.45472604843750003 0.7578125 0.4469084078125 0.763671875 0.4312731296875 0.763671875 0.41563785 0.7587890625 0.40912315
0 0.724609375 0.45472604843750003 0.724609375 0.4469084078125 0.7138671875 0.4299701890625 0.7041015625 0.427364309375 0.693359375 0.44430252968749995 0.685546875 0.4625436875 0.685546875 0.4859966078125 0.6904296875 0.502934828125 0.6943359375 0.5055407078124999 0.712890625 0.5042377671875 0.716796875 0.4990260078125 0.72265625 0.47817896718749997 0.72265625 0.457331928125 0.724609375 0.45472604843750003
0 0.6826171875 0.3934878703125 0.669921875 0.40521432968750004 0.66796875 0.41042608906250005 0.66796875 0.42606136875 0.6826171875 0.45081722968750004 0.689453125 0.4495142890625 0.6953125 0.43909076875 0.6953125 0.420849609375 0.6875 0.397396690625 0.6826171875 0.3934878703125
0 0.6875 0.46514956874999996 0.689453125 0.4625436875 0.6875 0.45472604843750003 0.69140625 0.4469084078125 0.6884765625 0.44560546875 0.6865234375 0.4482113484375 0.6826171875 0.4482113484375 0.6728515625 0.440393709375 0.671875 0.4469084078125 0.66796875 0.45212016874999994 0.669921875 0.47817896718749997 0.6787109375 0.4925113078125 0.6826171875 0.4951171875 0.685546875 0.493814246875 0.6875 0.4886024875 0.685546875 0.47817896718749997 0.6875 0.47557308750000005 0.6875 0.46514956874999996
0 0.6845703125 0.3622173109375 0.6826171875 0.3622173109375 0.673828125 0.37654964999999996 0.671875 0.40000257031249997 0.67578125 0.40000257031249997 0.6826171875 0.3934878703125 0.689453125 0.3817614109375 0.689453125 0.36873201093749997 0.6845703125 0.3622173109375
0 0.72265625 0.3869731703125 0.7021484375 0.37003495000000003 0.6943359375 0.37003495000000003 0.693359375 0.397396690625 0.6953125 0.40000257031249997 0.6953125 0.41042608906250005 0.697265625 0.41563785 0.7080078125 0.4247584296875 0.716796875 0.42345548906249997 0.7197265625 0.42215255 0.7265625 0.41042608906250005 0.7265625 0.397396690625 0.72265625 0.3869731703125
0 0.701171875 0.35309673125 0.705078125 0.3322496921875 0.720703125 0.3114026515625 0.72265625 0.3061908921875 0.7216796875 0.302282071875 0.7177734375 0.302282071875 0.7158203125 0.304887953125 0.7138671875 0.302282071875 0.7060546875 0.3100997125 0.6982421875 0.3127055921875 0.685546875 0.32964381249999997 0.67578125 0.35309673125 0.673828125 0.36352025 0.66796875 0.37394377031250003 0.6728515625 0.377852590625 0.673828125 0.37654964999999996 0.6826171875 0.3622173109375 0.6845703125 0.364823190625 0.6904296875 0.364823190625 0.701171875 0.35309673125
0 0.7236328125 0.3257349921875 0.7197265625 0.3257349921875 0.7177734375 0.3231291125 0.7099609375 0.3231291125 0.7060546875 0.3257349921875 0.701171875 0.33485557187500004 0.701171875 0.3478849703125 0.703125 0.35309673125 0.7138671875 0.364823190625 0.732421875 0.36612613125000004 0.734375 0.36352025 0.734375 0.3478849703125 0.728515625 0.3322496921875 0.7236328125 0.3257349921875
0 0.712890625 0.36612613125000004 0.712890625 0.37394377031250003 0.7197265625 0.38306435 0.7265625 0.3817614109375 0.732421875 0.37654964999999996 0.7314453125 0.3674290703125 0.7275390625 0.364823190625 0.712890625 0.36612613125000004
0 0.7490234375 0.28925267187500003 0.7333984375 0.29185855312500003 0.724609375 0.3009791328125 0.724609375 0.3061908921875 0.7333984375 0.32052323125000004 0.7421875 0.3192202921875 0.7529296875 0.3127055921875 0.7578125 0.3009791328125 0.755859375 0.295767371875 0.7490234375 0.28925267187500003
0 0.7685546875 0.3127055921875 0.7646484375 0.3100997125 0.7548828125 0.3100997125 0.7431640625 0.3179173515625 0.736328125 0.32703793124999997 0.736328125 0.34267321093750003 0.7431640625 0.351793790625 0.748046875 0.35309673125 0.7607421875 0.351793790625 0.771484375 0.34267321093750003 0.775390625 0.3244320515625 0.7685546875 0.3127055921875
0 0.7783203125 0.2996761921875 0.76953125 0.3061908921875 0.76953125 0.3114026515625 0.7734375 0.3192202921875 0.7802734375 0.3257349921875 0.7939453125 0.3257349921875 0.8037109375 0.33094675156250003 0.806640625 0.32964381249999997 0.80859375 0.32703793124999997 0.8017578125 0.3179173515625 0.7958984375 0.31531147187499997 0.7783203125 0.2996761921875
0 0.8076171875 0.33355263125 0.7919921875 0.3257349921875 0.7783203125 0.328340871875 0.775390625 0.3322496921875 0.7734375 0.3452790921875 0.7841796875 0.3622173109375 0.7919921875 0.3674290703125 0.814453125 0.36612613125000004 0.818359375 0.358308490625 0.81640625 0.3557026109375 0.81640625 0.3478849703125 0.8076171875 0.33355263125
0 0.794921875 0.36873201093749997 0.7861328125 0.364823190625 0.7783203125 0.351793790625 0.7724609375 0.34658203125 0.7685546875 0.34658203125 0.763671875 0.35309673125 0.76171875 0.371337890625 0.76953125 0.3921849296875 0.7724609375 0.39609375 0.779296875 0.394790809375 0.7841796875 0.3934878703125 0.791015625 0.3869731703125 0.794921875 0.37654964999999996 0.794921875 0.36873201093749997
0 0.74609375 0.35309673125 0.74609375 0.358308490625 0.7509765625 0.364823190625 0.76171875 0.36352025 0.765625 0.358308490625 0.7646484375 0.3491879109375 0.7607421875 0.351793790625 0.74609375 0.35309673125
0 0.7568359375 0.3674290703125 0.7529296875 0.3674290703125 0.7509765625 0.364823190625 0.7353515625 0.37003495000000003 0.732421875 0.37394377031250003 0.732421875 0.3817614109375 0.736328125 0.394790809375 0.7451171875 0.4039113890625 0.755859375 0.40260844999999995 0.765625 0.394790809375 0.765625 0.3817614109375 0.763671875 0.37654964999999996 0.7568359375 0.3674290703125
0 0.8203125 0.38957905 0.82421875 0.384367290625 0.82421875 0.37394377031250003 0.8193359375 0.364823190625 0.8076171875 0.3674290703125 0.802734375 0.37654964999999996 0.8046875 0.3791555296875 0.8046875 0.3921849296875 0.8115234375 0.40912315 0.8173828125 0.41433490937500006 0.82421875 0.4130319703125 0.826171875 0.40782020937499996 0.82421875 0.40521432968750004 0.82421875 0.397396690625 0.8203125 0.38957905
0 0.802734375 0.40521432968750004 0.7900390625 0.390881990625 0.7744140625 0.3986996296875 0.763671875 0.4130319703125 0.765625 0.433879009375 0.7705078125 0.440393709375 0.7783203125 0.44560546875 0.78515625 0.44430252968749995 0.7900390625 0.44299958906250003 0.796875 0.433879009375 0.802734375 0.4130319703125 0.802734375 0.40521432968750004
0 0.814453125 0.4130319703125 0.8076171875 0.40651727031249996 0.8037109375 0.40651727031249996 0.80078125 0.41042608906250005 0.798828125 0.42345548906249997 0.794921875 0.4312731296875 0.794921875 0.4416966484375 0.7998046875 0.44560546875 0.8037109375 0.44560546875 0.8076171875 0.45081722968750004 0.80859375 0.4495142890625 0.81640625 0.4416966484375 0.818359375 0.433879009375 0.81640625 0.4312731296875 0.814453125 0.4130319703125
0 0.8232421875 0.41433490937500006 0.8193359375 0.4169407890625 0.81640625 0.42345548906249997 0.818359375 0.44430252968749995 0.8310546875 0.46384662812500005 0.8359375 0.4625436875 0.83984375 0.45472604843750003 0.837890625 0.42866725 0.8310546875 0.41433490937500006 0.8232421875 0.41433490937500006
0 0.830078125 0.4625436875 0.8232421875 0.4560289875 0.8154296875 0.46124074843749996 0.8076171875 0.46124074843749996 0.802734375 0.46775544843750005 0.8046875 0.483390728125 0.8154296875 0.502934828125 0.8193359375 0.5055407078124999 0.826171875 0.5042377671875 0.8291015625 0.502934828125 0.83203125 0.496420128125 0.83203125 0.46775544843750005 0.830078125 0.4625436875
0 0.802734375 0.470361328125 0.7861328125 0.44560546875 0.7744140625 0.44560546875 0.7705078125 0.4482113484375 0.765625 0.457331928125 0.771484375 0.46775544843750005 0.76953125 0.470361328125 0.771484375 0.4859966078125 0.775390625 0.493814246875 0.7822265625 0.5003289468750001 0.7861328125 0.502934828125 0.791015625 0.5016318875 0.7958984375 0.4977230671875 0.8037109375 0.4977230671875 0.806640625 0.493814246875 0.802734375 0.470361328125
0 0.7890625 0.44430252968749995 0.7890625 0.45212016874999994 0.7939453125 0.46124074843749996 0.7978515625 0.46384662812500005 0.8046875 0.4625436875 0.8125 0.4469084078125 0.8095703125 0.44299958906250003 0.7939453125 0.440393709375 0.7890625 0.44430252968749995