0 0.21875 0.40000257031249997 0.2158203125 0.39609375 0.2060546875 0.3986996296875 0.197265625 0.41042608906250005 0.19921875 0.42345548906249997 0.2041015625 0.4299701890625 0.2109375 0.42866725 0.21484375 0.42345548906249997 0.21484375 0.41563785 0.21875 0.41042608906250005 0.21875 0.40000257031249997
0 0.1962890625 0.44299958906250003 0.19140625 0.45212016874999994 0.19140625 0.4625436875 0.19921875 0.4625436875 0.203125 0.457331928125 0.203125 0.4469084078125 0.2001953125 0.44299958906250003 0.1962890625 0.44299958906250003
0 0.2021484375 0.45863486875000004 0.1953125 0.46514956874999996 0.1953125 0.470361328125 0.2001953125 0.4794819078125 0.208984375 0.47817896718749997 0.2109375 0.47557308750000005 0.2109375 0.46775544843750005 0.2060546875 0.46124074843749996 0.2021484375 0.45863486875000004
0 0.2080078125 0.43257606875 0.203125 0.4364848890625 0.203125 0.4469084078125 0.2080078125 0.4534231078125 0.212890625 0.45212016874999994 0.216796875 0.44430252968749995 0.216796875 0.4364848890625 0.2119140625 0.43257606875 0.2080078125 0.43257606875
0 0.234375 0.43909076875 0.2294921875 0.4351819484375 0.2236328125 0.4351819484375 0.20703125 0.4495142890625 0.21484375 0.457331928125 0.212890625 0.46775544843750005 0.2158203125 0.4742701484375 0.2265625 0.47296720781249996 0.23046875 0.46775544843750005 0.232421875 0.45472604843750003 0.236328125 0.4469084078125 0.234375 0.43909076875
0 0.248046875 0.45212016874999994 0.248046875 0.4469084078125 0.2431640625 0.44299958906250003 0.234375 0.4495142890625 0.232421875 0.4625436875 0.228515625 0.470361328125 0.228515625 0.47557308750000005 0.2314453125 0.4794819078125 0.23828125 0.47817896718749997 0.2412109375 0.4742701484375 0.2509765625 0.47166426875 0.25390625 0.46514956874999996 0.248046875 0.45212016874999994
0 0.216796875 0.48078484843749997 0.216796875 0.493814246875 0.21875 0.4990260078125 0.2216796875 0.502934828125 0.23046875 0.5016318875 0.236328125 0.4859966078125 0.2275390625 0.47687602812499996 0.2197265625 0.47687602812499996 0.216796875 0.48078484843749997
0 0.2587890625 0.4377878296875 0.25390625 0.4469084078125 0.251953125 0.4625436875 0.2548828125 0.46645250781250003 0.263671875 0.46514956874999996 0.26953125 0.457331928125 0.26953125 0.44430252968749995 0.2666015625 0.4377878296875 0.2587890625 0.4377878296875
0 0.259765625 0.4182437296875 0.259765625 0.40260844999999995 0.2529296875 0.39609375 0.244140625 0.40521432968750004 0.244140625 0.41563785 0.24609375 0.4182437296875 0.2421875 0.42866725 0.244140625 0.43909076875 0.25 0.43909076875 0.2607421875 0.4377878296875 0.263671875 0.433879009375 0.263671875 0.42345548906249997 0.259765625 0.4182437296875
0 0.2392578125 0.3986996296875 0.2353515625 0.3986996296875 0.220703125 0.41563785 0.220703125 0.420849609375 0.224609375 0.42606136875 0.2265625 0.433879009375 0.2314453125 0.4377878296875 0.234375 0.4364848890625 0.240234375 0.4312731296875 0.240234375 0.41563785 0.244140625 0.40782020937499996 0.2392578125 0.3986996296875
0 0.46484375 0.3557026109375 0.4580078125 0.3413702703125 0.4501953125 0.3413702703125 0.4453125 0.3478849703125 0.447265625 0.358308490625 0.439453125 0.36612613125000004 0.439453125 0.37394377031250003 0.4443359375 0.3804584703125 0.453125 0.3791555296875 0.455078125 0.37654964999999996 0.455078125 0.371337890625 0.46484375 0.3609143703125 0.46484375 0.3557026109375
0 0.453125 0.3869731703125 0.4501953125 0.38306435 0.4423828125 0.38306435 0.4384765625 0.38827611093750003 0.4326171875 0.38827611093750003 0.431640625 0.397396690625 0.4375 0.40260844999999995 0.4375 0.4130319703125 0.4443359375 0.4195466703125 0.44921875 0.4182437296875 0.453125 0.41042608906250005 0.44921875 0.40260844999999995 0.455078125 0.394790809375 0.453125 0.3869731703125
0 0.46484375 0.4364848890625 0.46484375 0.42866725 0.4599609375 0.4195466703125 0.4501953125 0.4195466703125 0.447265625 0.42345548906249997 0.447265625 0.4312731296875 0.453125 0.43909076875 0.4453125 0.45212016874999994 0.447265625 0.45993780781250004 0.4521484375 0.46384662812500005 0.4560546875 0.46384662812500005 0.4619140625 0.45863486875000004 0.4658203125 0.46384662812500005 0.470703125 0.46514956874999996 0.4765625 0.45993780781250004 0.4765625 0.45212016874999994 0.46875 0.44430252968749995 0.46484375 0.4364848890625
0 0.4775390625 0.4299701890625 0.4736328125 0.4247584296875 0.4697265625 0.4247584296875 0.466796875 0.42866725 0.466796875 0.4364848890625 0.4697265625 0.44299958906250003 0.4775390625 0.4482113484375 0.486328125 0.4469084078125 0.48828125 0.44430252968749995 0.48828125 0.433879009375 0.4853515625 0.4299701890625 0.4775390625 0.4299701890625
0 0.4619140625 0.3726408296875 0.45703125 0.3791555296875 0.45703125 0.384367290625 0.455078125 0.3869731703125 0.455078125 0.3921849296875 0.4580078125 0.3986996296875 0.466796875 0.397396690625 0.4765625 0.3869731703125 0.4765625 0.37654964999999996 0.4697265625 0.37003495000000003 0.4619140625 0.3726408296875
0 0.48828125 0.40782020937499996 0.490234375 0.394790809375 0.4853515625 0.38827611093750003 0.4814453125 0.3856702296875 0.4794921875 0.38827611093750003 0.4755859375 0.38827611093750003 0.4697265625 0.3986996296875 0.4658203125 0.3986996296875 0.4609375 0.40260844999999995 0.458984375 0.40782020937499996 0.4599609375 0.4195466703125 0.4638671875 0.42215255 0.4716796875 0.42215255 0.47265625 0.4182437296875 0.4755859375 0.4169407890625 0.4833984375 0.4299701890625 0.4873046875 0.43257606875 0.4921875 0.4312731296875 0.498046875 0.42345548906249997 0.498046875 0.41563785 0.4931640625 0.40912315 0.48828125 0.40782020937499996
0 0.51171875 0.3869731703125 0.5068359375 0.3804584703125 0.4990234375 0.38306435 0.4921875 0.3921849296875 0.4921875 0.397396690625 0.49609375 0.40521432968750004 0.49609375 0.4130319703125 0.5009765625 0.4195466703125 0.501953125 0.4182437296875 0.5078125 0.41563785 0.5078125 0.40260844999999995 0.51171875 0.397396690625 0.51171875 0.3869731703125
0 0.509765625 0.40782020937499996 0.5078125 0.420849609375 0.51171875 0.42866725 0.51171875 0.433879009375 0.5166015625 0.440393709375 0.5234375 0.43909076875 0.52734375 0.4312731296875 0.529296875 0.40260844999999995 0.5205078125 0.39609375 0.509765625 0.40782020937499996
0 0.529296875 0.36352025 0.5224609375 0.35961143125 0.5185546875 0.3622173109375 0.51171875 0.37394377031250003 0.51171875 0.3817614109375 0.5146484375 0.38306435 0.5244140625 0.3986996296875 0.52734375 0.397396690625 0.533203125 0.394790809375 0.53515625 0.3817614109375 0.53125 0.37654964999999996 0.529296875 0.36352025
0 0.5146484375 0.33355263125 0.5048828125 0.33355263125 0.5 0.34267321093750003 0.501953125 0.35309673125 0.5087890625 0.35961143125 0.51953125 0.358308490625 0.5234375 0.35309673125 0.5234375 0.3478849703125 0.517578125 0.33746145156249996 0.5146484375 0.33355263125
0 0.509765625 0.37394377031250003 0.509765625 0.36352025 0.5009765625 0.3570055515625 0.4951171875 0.34658203125 0.48828125 0.35309673125 0.490234375 0.3557026109375 0.490234375 0.36352025 0.48046875 0.371337890625 0.48046875 0.3817614109375 0.4833984375 0.3856702296875 0.4921875 0.384367290625 0.4951171875 0.377852590625 0.4970703125 0.3804584703125 0.5048828125 0.3804584703125 0.509765625 0.37394377031250003
0 0.4755859375 0.3387643921875 0.4677734375 0.3387643921875 0.466796875 0.3478849703125 0.46875 0.35309673125 0.466796875 0.3557026109375 0.466796875 0.36352025 0.4716796875 0.37003495000000003 0.478515625 0.36873201093749997 0.482421875 0.36612613125000004 0.486328125 0.3557026109375 0.486328125 0.3504908515625 0.4755859375 0.3387643921875
0 0.7255859375 0.40130550937500004 0.728515625 0.397396690625 0.724609375 0.37654964999999996 0.7216796875 0.3726408296875 0.7158203125 0.3726408296875 0.7080078125 0.38306435 0.7021484375 0.3856702296875 0.697265625 0.3921849296875 0.697265625 0.40260844999999995 0.7021484375 0.40651727031249996 0.703125 0.40521432968750004 0.7080078125 0.4039113890625 0.7138671875 0.39609375 0.7197265625 0.40130550937500004 0.7255859375 0.40130550937500004
0 0.74609375 0.384367290625 0.7412109375 0.3752467109375 0.7333984375 0.3752467109375 0.73046875 0.3817614109375 0.732421875 0.394790809375 0.728515625 0.40260844999999995 0.728515625 0.41042608906250005 0.732421875 0.4182437296875 0.734375 0.4182437296875 0.734375 0.41563785 0.74609375 0.40260844999999995 0.744140625 0.40000257031249997 0.74609375 0.384367290625
0 0.740234375 0.4130319703125 0.7431640625 0.4195466703125 0.75 0.4182437296875 0.751953125 0.41563785 0.751953125 0.40782020937499996 0.7451171875 0.40130550937500004 0.740234375 0.4130319703125
0 0.76171875 0.3817614109375 0.7568359375 0.3752467109375 0.7509765625 0.3752467109375 0.74609375 0.3791555296875 0.74609375 0.394790809375 0.7490234375 0.40130550937500004 0.7548828125 0.40130550937500004 0.7568359375 0.4039113890625 0.765625 0.40260844999999995 0.767578125 0.40000257031249997 0.767578125 0.394790809375 0.76171875 0.3869731703125 0.76171875 0.3817614109375
0 0.7197265625 0.427364309375 0.7265625 0.420849609375 0.7265625 0.40782020937499996 0.7216796875 0.4039113890625 0.7158203125 0.40651727031249996 0.7138671875 0.41172902968749997 0.7099609375 0.41172902968749997 0.7021484375 0.40651727031249996 0.697265625 0.4130319703125 0.697265625 0.420849609375 0.701171875 0.42606136875 0.69921875 0.4312731296875 0.69921875 0.44430252968749995 0.7021484375 0.4482113484375 0.708984375 0.4469084078125 0.712890625 0.4416966484375 0.7109375 0.4312731296875 0.7138671875 0.427364309375 0.7197265625 0.427364309375
0 0.720703125 0.457331928125 0.7080078125 0.4482113484375 0.703125 0.45212016874999994 0.703125 0.4625436875 0.70703125 0.46775544843750005 0.705078125 0.4859966078125 0.7080078125 0.489905428125 0.712890625 0.4912083671875 0.71875 0.4859966078125 0.716796875 0.4625436875 0.7197265625 0.46124074843749996 0.720703125 0.457331928125
0 0.7333984375 0.46124074843749996 0.7236328125 0.46124074843749996 0.720703125 0.46514956874999996 0.720703125 0.470361328125 0.7265625 0.48078484843749997 0.7265625 0.4859966078125 0.7314453125 0.4925113078125 0.734375 0.4912083671875 0.73828125 0.4886024875 0.7421875 0.48078484843749997 0.7421875 0.47557308750000005 0.7333984375 0.46124074843749996
0 0.7490234375 0.48469366718750007 0.7431640625 0.48469366718750007 0.736328125 0.496420128125 0.736328125 0.5068436468749999 0.7412109375 0.5107524671875 0.74609375 0.5094495265625001 0.7529296875 0.5081465875 0.7578125 0.5016318875 0.7578125 0.493814246875 0.7490234375 0.48469366718750007
0 0.7646484375 0.46384662812500005 0.755859375 0.47817896718749997 0.755859375 0.4912083671875 0.7607421875 0.4951171875 0.765625 0.493814246875 0.7734375 0.4859966078125 0.771484375 0.46775544843750005 0.7685546875 0.46384662812500005 0.7646484375 0.46384662812500005
0 0.771484375 0.4859966078125 0.7705078125 0.47687602812499996 0.763671875 0.483390728125 0.7666015625 0.487299546875 0.771484375 0.4859966078125
0 0.7607421875 0.45081722968750004 0.7548828125 0.45081722968750004 0.744140625 0.45993780781250004 0.744140625 0.46775544843750005 0.7470703125 0.47166426875 0.7548828125 0.4742701484375 0.7607421875 0.46905838749999995 0.76171875 0.47296720781249996 0.763671875 0.47296720781249996 0.767578125 0.46775544843750005 0.76171875 0.4625436875 0.763671875 0.457331928125 0.7607421875 0.45081722968750004
0 0.7294921875 0.4195466703125 0.7255859375 0.427364309375 0.71875 0.4312731296875 0.71875 0.4364848890625 0.716796875 0.43909076875 0.7216796875 0.45081722968750004 0.728515625 0.4495142890625 0.73828125 0.433879009375 0.73828125 0.42345548906249997 0.7353515625 0.4195466703125 0.7294921875 0.4195466703125
0 0.732421875 0.45472604843750003 0.7353515625 0.46124074843749996 0.744140625 0.45993780781250004 0.7431640625 0.45081722968750004 0.7392578125 0.45081722968750004 0.7373046875 0.4482113484375 0.732421875 0.45472604843750003
0 0.74609375 0.43909076875 0.74609375 0.4469084078125 0.7490234375 0.45081722968750004 0.75390625 0.4495142890625 0.755859375 0.4469084078125 0.751953125 0.4364848890625 0.7490234375 0.4351819484375 0.74609375 0.43909076875
0 0.779296875 0.42345548906249997 0.7705078125 0.42215255 0.7685546875 0.4247584296875 0.7607421875 0.4169407890625 0.7548828125 0.4169407890625 0.751953125 0.42345548906249997 0.751953125 0.4364848890625 0.7724609375 0.46124074843749996 0.77734375 0.45993780781250004 0.779296875 0.45472604843750003 0.779296875 0.43909076875 0.78125 0.4364848890625 0.779296875 0.42345548906249997