0 0.2685546875 0.440393709375 0.2822265625 0.4299701890625 0.2890625 0.41563785 0.287109375 0.40000257031249997 0.2802734375 0.38827611093750003 0.2744140625 0.390881990625 0.2724609375 0.38306435 0.271484375 0.38957905 0.2626953125 0.3934878703125 0.25390625 0.40782020937499996 0.251953125 0.4130319703125 0.251953125 0.42345548906249997 0.2607421875 0.4351819484375 0.2685546875 0.440393709375
0 0.2939453125 0.4039113890625 0.3046875 0.3921849296875 0.30859375 0.3791555296875 0.314453125 0.36873201093749997 0.3125 0.3504908515625 0.3056640625 0.3413702703125 0.2958984375 0.3387643921875 0.2939453125 0.3413702703125 0.2900390625 0.3413702703125 0.279296875 0.3557026109375 0.27734375 0.3609143703125 0.27734375 0.37654964999999996 0.28125 0.3869731703125 0.2939453125 0.4039113890625
0 0.3095703125 0.440393709375 0.322265625 0.42606136875 0.32421875 0.4130319703125 0.3154296875 0.4039113890625 0.3115234375 0.39609375 0.3056640625 0.39609375 0.296875 0.40782020937499996 0.296875 0.42606136875 0.3056640625 0.440393709375 0.3095703125 0.440393709375
0 0.2705078125 0.440393709375 0.2783203125 0.4351819484375 0.287109375 0.42345548906249997 0.2900390625 0.41433490937500006 0.2939453125 0.41433490937500006 0.298828125 0.4312731296875 0.3056640625 0.440393709375 0.3095703125 0.440393709375 0.3203125 0.42866725 0.322265625 0.420849609375 0.3271484375 0.41433490937500006 0.3291015625 0.4169407890625 0.3349609375 0.41433490937500006 0.34375 0.40260844999999995 0.34765625 0.38957905 0.34765625 0.37394377031250003 0.3427734375 0.364823190625 0.3251953125 0.364823190625 0.3193359375 0.37003495000000003 0.3154296875 0.37003495000000003 0.314453125 0.3557026109375 0.310546875 0.3452790921875 0.3017578125 0.3387643921875 0.2958984375 0.3387643921875 0.2880859375 0.3439761515625 0.279296875 0.3557026109375 0.27734375 0.3609143703125 0.27734375 0.37394377031250003 0.26953125 0.3869731703125 0.255859375 0.40260844999999995 0.251953125 0.4130319703125 0.251953125 0.42345548906249997 0.2587890625 0.4351819484375 0.2705078125 0.440393709375
0 0.5087890625 0.440393709375 0.51953125 0.42866725 0.521484375 0.41563785 0.529296875 0.40782020937499996 0.525390625 0.40521432968750004 0.525390625 0.40260844999999995 0.529296875 0.40000257031249997 0.529296875 0.394790809375 0.5205078125 0.377852590625 0.5146484375 0.377852590625 0.5048828125 0.38827611093750003 0.4970703125 0.3934878703125 0.4931640625 0.3934878703125 0.484375 0.40521432968750004 0.482421875 0.420849609375 0.486328125 0.4312731296875 0.4970703125 0.440393709375 0.5087890625 0.440393709375
0 0.4951171875 0.39609375 0.5029296875 0.390881990625 0.515625 0.37654964999999996 0.515625 0.36612613125000004 0.5048828125 0.35439967031249997 0.4912109375 0.35439967031249997 0.484375 0.36352025 0.482421875 0.36873201093749997 0.482421875 0.384367290625 0.4892578125 0.39609375 0.4951171875 0.39609375
0 0.54296875 0.3791555296875 0.546875 0.36873201093749997 0.546875 0.36352025 0.5439453125 0.35961143125 0.5341796875 0.35961143125 0.52734375 0.36873201093749997 0.52734375 0.3817614109375 0.5361328125 0.390881990625 0.54296875 0.3791555296875
0 0.5615234375 0.3986996296875 0.5634765625 0.40130550937500004 0.5693359375 0.40130550937500004 0.5771484375 0.39609375 0.583984375 0.384367290625 0.583984375 0.36352025 0.580078125 0.35309673125 0.5712890625 0.34658203125 0.5615234375 0.34658203125 0.5537109375 0.351793790625 0.544921875 0.36612613125000004 0.544921875 0.371337890625 0.537109375 0.38957905 0.5419921875 0.3986996296875 0.5615234375 0.3986996296875
0 0.5478515625 0.440393709375 0.5556640625 0.44560546875 0.5634765625 0.44560546875 0.5703125 0.4312731296875 0.5703125 0.40782020937499996 0.5634765625 0.3986996296875 0.5439453125 0.3986996296875 0.5390625 0.40521432968750004 0.53515625 0.41563785 0.5390625 0.433879009375 0.5439453125 0.440393709375 0.5478515625 0.440393709375
0 0.70703125 0.33485557187500004 0.7119140625 0.3413702703125 0.7216796875 0.3491879109375 0.7255859375 0.3491879109375 0.736328125 0.34006733125 0.73828125 0.33485557187500004 0.73828125 0.3192202921875 0.736328125 0.3166144125 0.736328125 0.3114026515625 0.7275390625 0.2996761921875 0.7197265625 0.2996761921875 0.7119140625 0.304887953125 0.70703125 0.3114026515625 0.705078125 0.3166144125 0.705078125 0.32703793124999997 0.70703125 0.32964381249999997 0.70703125 0.33485557187500004
0 0.703125 0.36612613125000004 0.7080078125 0.3726408296875 0.71875 0.37654964999999996 0.71875 0.384367290625 0.716796875 0.3869731703125 0.71875 0.40260844999999995 0.7275390625 0.4169407890625 0.7314453125 0.4195466703125 0.7431640625 0.4195466703125 0.7470703125 0.4169407890625 0.755859375 0.40521432968750004 0.755859375 0.40000257031249997 0.7578125 0.397396690625 0.7578125 0.3817614109375 0.767578125 0.36612613125000004 0.767578125 0.35309673125 0.7568359375 0.3413702703125 0.7431640625 0.34658203125 0.73828125 0.3322496921875 0.73828125 0.3166144125 0.736328125 0.3114026515625 0.7255859375 0.2996761921875 0.7197265625 0.2996761921875 0.7119140625 0.304887953125 0.705078125 0.3166144125 0.705078125 0.32703793124999997 0.708984375 0.34006733125 0.703125 0.3478849703125 0.703125 0.36612613125000004