0 0.2607421875 0.3491879109375 0.2470703125 0.3439761515625 0.2451171875 0.34658203125 0.2392578125 0.34658203125 0.232421875 0.3557026109375 0.232421875 0.37394377031250003 0.2421875 0.394790809375 0.2490234375 0.4039113890625 0.25390625 0.40260844999999995 0.2578125 0.397396690625 0.265625 0.37654964999999996 0.265625 0.358308490625 0.2607421875 0.3491879109375
0 0.2265625 0.40000257031249997 0.2333984375 0.41172902968749997 0.2373046875 0.41433490937500006 0.244140625 0.4130319703125 0.25 0.40521432968750004 0.2333984375 0.377852590625 0.2265625 0.3869731703125 0.2265625 0.40000257031249997
0 0.28515625 0.3921849296875 0.2802734375 0.38306435 0.2724609375 0.377852590625 0.2666015625 0.377852590625 0.259765625 0.3921849296875 0.2578125 0.41042608906250005 0.2666015625 0.4247584296875 0.2763671875 0.4299701890625 0.2802734375 0.4351819484375 0.28515625 0.433879009375 0.279296875 0.42866725 0.279296875 0.41042608906250005 0.283203125 0.40521432968750004 0.28515625 0.3921849296875
0 0.3037109375 0.390881990625 0.2919921875 0.390881990625 0.283203125 0.40000257031249997 0.279296875 0.41042608906250005 0.279296875 0.41563785 0.2861328125 0.4351819484375 0.2900390625 0.4351819484375 0.2919921875 0.4377878296875 0.302734375 0.4364848890625 0.314453125 0.42345548906249997 0.314453125 0.40521432968750004 0.3125 0.40000257031249997 0.3037109375 0.390881990625
0 0.2421875 0.45993780781250004 0.2275390625 0.44560546875 0.2197265625 0.44560546875 0.2041015625 0.4560289875 0.19921875 0.46775544843750005 0.208984375 0.4886024875 0.2177734375 0.4977230671875 0.23046875 0.496420128125 0.236328125 0.4886024875 0.23828125 0.470361328125 0.2421875 0.46775544843750005 0.2421875 0.45993780781250004
0 0.2470703125 0.427364309375 0.2392578125 0.427364309375 0.2353515625 0.4299701890625 0.23046875 0.43909076875 0.23046875 0.4469084078125 0.2451171875 0.46384662812500005 0.25390625 0.4625436875 0.259765625 0.45212016874999994 0.259765625 0.4416966484375 0.255859375 0.433879009375 0.2470703125 0.427364309375
0 0.2431640625 0.46384662812500005 0.236328125 0.470361328125 0.2373046875 0.487299546875 0.2412109375 0.48469366718750007 0.255859375 0.4859966078125 0.2578125 0.483390728125 0.2578125 0.47817896718749997 0.2509765625 0.46645250781250003 0.2431640625 0.46384662812500005
0 0.2607421875 0.487299546875 0.2509765625 0.4820877875 0.2431640625 0.4820877875 0.2392578125 0.48469366718750007 0.23046875 0.4990260078125 0.23046875 0.5042377671875 0.228515625 0.5068436468749999 0.23046875 0.519873046875 0.234375 0.5302965671875 0.2392578125 0.5368112671875 0.2431640625 0.5394171453125 0.25390625 0.5381142062500001 0.263671875 0.52508480625 0.267578125 0.5146612875 0.267578125 0.5016318875 0.2607421875 0.487299546875
0 0.3037109375 0.4794819078125 0.2841796875 0.4794819078125 0.275390625 0.4886024875 0.2734375 0.5016318875 0.275390625 0.5042377671875 0.275390625 0.5146612875 0.27734375 0.519873046875 0.2841796875 0.5289936265625 0.29296875 0.5276906875 0.3017578125 0.5211759875 0.30859375 0.5094495265625001 0.30859375 0.4859966078125 0.3037109375 0.4794819078125
0 0.2890625 0.4495142890625 0.2841796875 0.44299958906250003 0.2763671875 0.44299958906250003 0.2685546875 0.4482113484375 0.26171875 0.45993780781250004 0.26171875 0.470361328125 0.2705078125 0.4820877875 0.2744140625 0.48469366718750007 0.27734375 0.483390728125 0.2890625 0.47817896718749997 0.2890625 0.47296720781249996 0.287109375 0.470361328125 0.2890625 0.4495142890625
0 0.30859375 0.45993780781250004 0.30859375 0.4495142890625 0.306640625 0.44430252968749995 0.3017578125 0.440393709375 0.2939453125 0.440393709375 0.287109375 0.4495142890625 0.2890625 0.46514956874999996 0.28515625 0.47557308750000005 0.2880859375 0.4794819078125 0.29296875 0.47817896718749997 0.2998046875 0.47687602812499996 0.3046875 0.470361328125 0.3046875 0.46514956874999996 0.30859375 0.45993780781250004
0 0.3310546875 0.45863486875000004 0.328125 0.45212016874999994 0.3212890625 0.44560546875 0.30859375 0.45993780781250004 0.30859375 0.46514956874999996 0.31640625 0.4912083671875 0.3271484375 0.5003289468750001 0.33203125 0.4990260078125 0.33984375 0.4859966078125 0.341796875 0.46775544843750005 0.3349609375 0.45863486875000004 0.3310546875 0.45863486875000004
0 0.5439453125 0.46124074843749996 0.5341796875 0.46124074843749996 0.5205078125 0.46905838749999995 0.51171875 0.483390728125 0.5078125 0.496420128125 0.5107421875 0.5003289468750001 0.5166015625 0.5003289468750001 0.5185546875 0.4977230671875 0.5439453125 0.4977230671875 0.5458984375 0.5003289468750001 0.556640625 0.4990260078125 0.560546875 0.4886024875 0.560546875 0.48078484843749997 0.5537109375 0.46645250781250003 0.5439453125 0.46124074843749996
0 0.5087890625 0.4560289875 0.5048828125 0.4560289875 0.4970703125 0.46645250781250003 0.4873046875 0.46905838749999995 0.478515625 0.48078484843749997 0.478515625 0.4912083671875 0.4853515625 0.502934828125 0.4892578125 0.5055407078124999 0.501953125 0.5042377671875 0.5078125 0.4990260078125 0.515625 0.47296720781249996 0.515625 0.46514956874999996 0.5087890625 0.4560289875
0 0.490234375 0.44430252968749995 0.4833984375 0.4299701890625 0.4736328125 0.42215255 0.4677734375 0.42215255 0.4658203125 0.4247584296875 0.4619140625 0.4247584296875 0.455078125 0.433879009375 0.453125 0.45212016874999994 0.45703125 0.4625436875 0.4697265625 0.4794819078125 0.4765625 0.47817896718749997 0.4794921875 0.47687602812499996 0.484375 0.46775544843750005 0.490234375 0.45212016874999994 0.490234375 0.44430252968749995
0 0.51953125 0.4130319703125 0.51953125 0.40521432968750004 0.5107421875 0.3934878703125 0.5068359375 0.3934878703125 0.5048828125 0.390881990625 0.4912109375 0.390881990625 0.466796875 0.4130319703125 0.466796875 0.4182437296875 0.4697265625 0.42215255 0.4755859375 0.42215255 0.4931640625 0.44299958906250003 0.501953125 0.4416966484375 0.5068359375 0.440393709375 0.515625 0.42866725 0.515625 0.42345548906249997 0.51953125 0.4130319703125
0 0.4794921875 0.3804584703125 0.4677734375 0.3804584703125 0.4609375 0.3921849296875 0.4609375 0.40521432968750004 0.4638671875 0.40912315 0.46875 0.41042608906250005 0.4814453125 0.40130550937500004 0.486328125 0.394790809375 0.486328125 0.38957905 0.4794921875 0.3804584703125
0 0.4912109375 0.3413702703125 0.4755859375 0.3439761515625 0.466796875 0.3557026109375 0.466796875 0.36612613125000004 0.4716796875 0.3752467109375 0.4794921875 0.3804584703125 0.48828125 0.3791555296875 0.5029296875 0.37003495000000003 0.509765625 0.358308490625 0.5029296875 0.3491879109375 0.4912109375 0.3413702703125
0 0.4951171875 0.3726408296875 0.4921875 0.3791555296875 0.4990234375 0.38827611093750003 0.5078125 0.3869731703125 0.513671875 0.37654964999999996 0.513671875 0.36873201093749997 0.5107421875 0.3622173109375 0.4951171875 0.3726408296875
0 0.5107421875 0.304887953125 0.5029296875 0.302282071875 0.4921875 0.3140085328125 0.48828125 0.3244320515625 0.48828125 0.34006733125 0.5087890625 0.35439967031249997 0.515625 0.35309673125 0.5185546875 0.351793790625 0.5234375 0.34267321093750003 0.5234375 0.3244320515625 0.5107421875 0.304887953125
0 0.552734375 0.3557026109375 0.55078125 0.3504908515625 0.5458984375 0.3439761515625 0.5419921875 0.3439761515625 0.5400390625 0.3413702703125 0.5302734375 0.3439761515625 0.517578125 0.371337890625 0.51953125 0.38957905 0.5244140625 0.3934878703125 0.53125 0.3921849296875 0.5380859375 0.38306435 0.5439453125 0.38306435 0.552734375 0.36873201093749997 0.552734375 0.3557026109375
0 0.7880859375 0.44299958906250003 0.7685546875 0.44299958906250003 0.7646484375 0.440393709375 0.7578125 0.4495142890625 0.7578125 0.46775544843750005 0.759765625 0.47296720781249996 0.7685546875 0.48469366718750007 0.7783203125 0.489905428125 0.783203125 0.4886024875 0.79296875 0.47817896718749997 0.79296875 0.45212016874999994 0.791015625 0.4469084078125 0.7880859375 0.44299958906250003
0 0.7958984375 0.40130550937500004 0.7861328125 0.39609375 0.7763671875 0.39609375 0.7744140625 0.3986996296875 0.7626953125 0.3986996296875 0.7607421875 0.40130550937500004 0.7568359375 0.40130550937500004 0.751953125 0.40782020937499996 0.751953125 0.42345548906249997 0.7626953125 0.440393709375 0.7763671875 0.440393709375 0.7783203125 0.44299958906250003 0.79296875 0.4416966484375 0.798828125 0.4364848890625 0.802734375 0.42606136875 0.802734375 0.4130319703125 0.7958984375 0.40130550937500004
0 0.7451171875 0.427364309375 0.7294921875 0.427364309375 0.724609375 0.433879009375 0.724609375 0.45472604843750003 0.7333984375 0.46905838749999995 0.7373046875 0.47166426875 0.748046875 0.470361328125 0.755859375 0.457331928125 0.755859375 0.4416966484375 0.75390625 0.4364848890625 0.7451171875 0.427364309375
0 0.7294921875 0.39609375 0.7080078125 0.39609375 0.705078125 0.40000257031249997 0.705078125 0.42345548906249997 0.70703125 0.42606136875 0.70703125 0.4364848890625 0.7158203125 0.4482113484375 0.71875 0.4469084078125 0.724609375 0.433879009375 0.736328125 0.42345548906249997 0.736328125 0.40782020937499996 0.7294921875 0.39609375
0 0.720703125 0.358308490625 0.7080078125 0.3387643921875 0.6904296875 0.351793790625 0.68359375 0.36612613125000004 0.68359375 0.3817614109375 0.685546875 0.3869731703125 0.6904296875 0.3934878703125 0.6953125 0.3921849296875 0.7060546875 0.3804584703125 0.7119140625 0.3804584703125 0.720703125 0.36612613125000004 0.720703125 0.358308490625
0 0.7255859375 0.304887953125 0.7197265625 0.2996761921875 0.7138671875 0.2996761921875 0.708984375 0.3061908921875 0.705078125 0.3166144125 0.705078125 0.3322496921875 0.70703125 0.33746145156249996 0.7236328125 0.35961143125 0.724609375 0.358308490625 0.728515625 0.3557026109375 0.734375 0.34006733125 0.734375 0.3192202921875 0.7255859375 0.304887953125
0 0.78515625 0.3478849703125 0.787109375 0.3322496921875 0.7822265625 0.32052323125000004 0.7783203125 0.32052323125000004 0.7763671875 0.3179173515625 0.7626953125 0.3179173515625 0.7509765625 0.33094675156250003 0.7451171875 0.33094675156250003 0.740234375 0.33746145156249996 0.740234375 0.3504908515625 0.736328125 0.3557026109375 0.736328125 0.36873201093749997 0.73828125 0.371337890625 0.740234375 0.384367290625 0.7451171875 0.3934878703125 0.7529296875 0.3986996296875 0.759765625 0.397396690625 0.763671875 0.3921849296875 0.767578125 0.37654964999999996 0.77734375 0.36873201093749997 0.78515625 0.3478849703125