0 0.26171875 0.3322496921875 0.2568359375 0.328340871875 0.2490234375 0.31531147187499997 0.2421875 0.3192202921875 0.240234375 0.33485557187500004 0.232421875 0.34267321093750003 0.232421875 0.35309673125 0.2373046875 0.35961143125 0.2421875 0.358308490625 0.2490234375 0.34658203125 0.2568359375 0.34658203125 0.26171875 0.34006733125 0.26171875 0.3322496921875
0 0.287109375 0.30358501250000003 0.2802734375 0.2970703125 0.2724609375 0.2970703125 0.2685546875 0.2944644328125 0.265625 0.29837325312499996 0.263671875 0.32703793124999997 0.2666015625 0.33094675156250003 0.2734375 0.32964381249999997 0.2783203125 0.32052323125000004 0.2822265625 0.32052323125000004 0.287109375 0.3140085328125 0.287109375 0.30358501250000003
0 0.3115234375 0.328340871875 0.3076171875 0.328340871875 0.3017578125 0.32052323125000004 0.2978515625 0.32052323125000004 0.29296875 0.32703793124999997 0.29296875 0.33485557187500004 0.283203125 0.3452790921875 0.283203125 0.3504908515625 0.2880859375 0.3570055515625 0.2958984375 0.3570055515625 0.2978515625 0.35961143125 0.3037109375 0.35961143125 0.3056640625 0.3570055515625 0.3076171875 0.35961143125 0.314453125 0.358308490625 0.318359375 0.35309673125 0.318359375 0.34267321093750003 0.314453125 0.3322496921875 0.3115234375 0.328340871875
0 0.26171875 0.35309673125 0.26171875 0.36873201093749997 0.2685546875 0.3752467109375 0.27734375 0.37394377031250003 0.27734375 0.35309673125 0.2724609375 0.34658203125 0.2666015625 0.34658203125 0.26171875 0.35309673125
0 0.26171875 0.3791555296875 0.2568359375 0.3726408296875 0.2490234375 0.3726408296875 0.2451171875 0.3752467109375 0.2421875 0.371337890625 0.2412109375 0.364823190625 0.2333984375 0.3622173109375 0.2265625 0.371337890625 0.2265625 0.3791555296875 0.232421875 0.384367290625 0.232421875 0.40000257031249997 0.2373046875 0.40651727031249996 0.24609375 0.40521432968750004 0.2529296875 0.3934878703125 0.2568359375 0.3934878703125 0.259765625 0.38957905 0.26171875 0.3791555296875
0 0.2919921875 0.3934878703125 0.294921875 0.38957905 0.296875 0.37654964999999996 0.2939453125 0.3726408296875 0.2861328125 0.3726408296875 0.2802734375 0.3804584703125 0.2705078125 0.3804584703125 0.267578125 0.384367290625 0.267578125 0.3921849296875 0.271484375 0.40521432968750004 0.2763671875 0.40912315 0.27734375 0.40782020937499996 0.283203125 0.40260844999999995 0.283203125 0.397396690625 0.2861328125 0.3934878703125 0.2919921875 0.3934878703125
0 0.505859375 0.2566791734375 0.50390625 0.2514674140625 0.4970703125 0.2449527140625 0.4931640625 0.2449527140625 0.48828125 0.2514674140625 0.486328125 0.2566791734375 0.486328125 0.2618909328125 0.48828125 0.2644968125 0.48046875 0.2749203328125 0.48046875 0.2827379734375 0.4853515625 0.28925267187500003 0.494140625 0.28794973281249997 0.498046875 0.2827379734375 0.498046875 0.2775262125 0.505859375 0.26710269375 0.505859375 0.2566791734375
0 0.5078125 0.259285053125 0.5078125 0.2644968125 0.5126953125 0.27361739375 0.5166015625 0.27622327343749997 0.525390625 0.2749203328125 0.52734375 0.26710269375 0.5224609375 0.2553762328125 0.5126953125 0.25277035468750003 0.5078125 0.259285053125
0 0.5419921875 0.2684056328125 0.5322265625 0.2684056328125 0.52734375 0.2749203328125 0.52734375 0.28794973281249997 0.5322265625 0.29185855312500003 0.537109375 0.2905556125 0.5419921875 0.28925267187500003 0.546875 0.2827379734375 0.546875 0.2749203328125 0.5419921875 0.2684056328125
0 0.53125 0.285343853125 0.5322265625 0.27361739375 0.52734375 0.2775262125 0.52734375 0.285343853125 0.53125 0.285343853125
0 0.55859375 0.2931614921875 0.5537109375 0.2866467921875 0.5478515625 0.2866467921875 0.54296875 0.2931614921875 0.541015625 0.3114026515625 0.5458984375 0.3127055921875 0.5517578125 0.32052323125000004 0.556640625 0.321826171875 0.5625 0.3166144125 0.5625 0.3061908921875 0.55859375 0.29837325312499996 0.55859375 0.2931614921875
0 0.5390625 0.3114026515625 0.537109375 0.29837325312499996 0.5283203125 0.29185855312500003 0.5185546875 0.2944644328125 0.517578125 0.3009791328125 0.521484375 0.308796771875 0.521484375 0.3166144125 0.5283203125 0.3257349921875 0.53515625 0.3244320515625 0.5390625 0.321826171875 0.5390625 0.3166144125 0.541015625 0.3140085328125 0.5390625 0.3114026515625
0 0.5068359375 0.27622327343749997 0.49609375 0.28794973281249997 0.49609375 0.29837325312499996 0.5009765625 0.304887953125 0.5078125 0.30358501250000003 0.515625 0.295767371875 0.515625 0.2801320921875 0.5126953125 0.27622327343749997 0.5068359375 0.27622327343749997
0 0.4716796875 0.29185855312500003 0.4638671875 0.29185855312500003 0.4609375 0.295767371875 0.4609375 0.30358501250000003 0.4638671875 0.3100997125 0.4697265625 0.3127055921875 0.4736328125 0.3179173515625 0.478515625 0.3166144125 0.486328125 0.295767371875 0.4814453125 0.28404091249999996 0.4775390625 0.28404091249999996 0.4716796875 0.29185855312500003
0 0.4951171875 0.302282071875 0.4873046875 0.302282071875 0.48046875 0.3140085328125 0.482421875 0.3244320515625 0.4853515625 0.328340871875 0.490234375 0.32703793124999997 0.4970703125 0.3231291125 0.5 0.3166144125 0.5 0.308796771875 0.4951171875 0.302282071875
0 0.484375 0.32964381249999997 0.4814453125 0.3231291125 0.4736328125 0.3231291125 0.46875 0.32964381249999997 0.470703125 0.3504908515625 0.4755859375 0.3622173109375 0.4794921875 0.364823190625 0.482421875 0.36352025 0.486328125 0.3609143703125 0.486328125 0.3452790921875 0.482421875 0.34006733125 0.484375 0.32964381249999997
0 0.5087890625 0.32052323125000004 0.5009765625 0.32052323125000004 0.498046875 0.32703793124999997 0.490234375 0.33485557187500004 0.490234375 0.3504908515625 0.4951171875 0.3570055515625 0.50390625 0.3557026109375 0.5078125 0.3504908515625 0.5078125 0.34006733125 0.513671875 0.32964381249999997 0.5087890625 0.32052323125000004
0 0.515625 0.36873201093749997 0.5107421875 0.364823190625 0.5048828125 0.364823190625 0.5009765625 0.37003495000000003 0.4970703125 0.37003495000000003 0.4931640625 0.3622173109375 0.4833984375 0.3622173109375 0.48046875 0.36612613125000004 0.48046875 0.37654964999999996 0.4833984375 0.3804584703125 0.490234375 0.3817614109375 0.490234375 0.3921849296875 0.4931640625 0.3986996296875 0.4970703125 0.40130550937500004 0.501953125 0.40000257031249997 0.505859375 0.397396690625 0.5078125 0.3869731703125 0.515625 0.3791555296875 0.515625 0.36873201093749997
0 0.53515625 0.3478849703125 0.537109375 0.34006733125 0.53515625 0.33485557187500004 0.5302734375 0.33094675156250003 0.5224609375 0.33094675156250003 0.517578125 0.33746145156249996 0.517578125 0.34267321093750003 0.5126953125 0.34658203125 0.509765625 0.35309673125 0.509765625 0.358308490625 0.5166015625 0.3674290703125 0.521484375 0.36612613125000004 0.5263671875 0.3622173109375 0.537109375 0.3609143703125 0.537109375 0.3504908515625 0.53515625 0.3478849703125
0 0.5478515625 0.3257349921875 0.5400390625 0.3257349921875 0.537109375 0.3322496921875 0.537109375 0.33746145156249996 0.54296875 0.3452790921875 0.541015625 0.3478849703125 0.5390625 0.3609143703125 0.5439453125 0.3674290703125 0.55078125 0.36612613125000004 0.5625 0.3504908515625 0.5625 0.34267321093750003 0.5537109375 0.3387643921875 0.5478515625 0.3257349921875
0 0.7080078125 0.3257349921875 0.705078125 0.32964381249999997 0.703125 0.3478849703125 0.7080078125 0.35439967031249997 0.7158203125 0.35439967031249997 0.7236328125 0.3674290703125 0.7265625 0.36612613125000004 0.73046875 0.3609143703125 0.73046875 0.35309673125 0.7138671875 0.3257349921875 0.7080078125 0.3257349921875
0 0.7177734375 0.2866467921875 0.712890625 0.2931614921875 0.71484375 0.30358501250000003 0.7236328125 0.3127055921875 0.728515625 0.3114026515625 0.73046875 0.308796771875 0.73046875 0.295767371875 0.7236328125 0.2866467921875 0.7177734375 0.2866467921875
0 0.7490234375 0.27622327343749997 0.7451171875 0.27622327343749997 0.7431640625 0.27361739375 0.7392578125 0.27622327343749997 0.736328125 0.2801320921875 0.736328125 0.2905556125 0.734375 0.2931614921875 0.736328125 0.3009791328125 0.7470703125 0.302282071875 0.748046875 0.308796771875 0.7509765625 0.3127055921875 0.7548828125 0.31531147187499997 0.7578125 0.3140085328125 0.763671875 0.308796771875 0.763671875 0.29837325312499996 0.75390625 0.28794973281249997 0.7490234375 0.27622327343749997
0 0.771484375 0.34267321093750003 0.7744140625 0.3387643921875 0.77734375 0.34006733125 0.7802734375 0.3491879109375 0.7900390625 0.3491879109375 0.7939453125 0.3413702703125 0.802734375 0.33485557187500004 0.802734375 0.32964381249999997 0.8046875 0.32703793124999997 0.7998046875 0.3179173515625 0.791015625 0.3114026515625 0.791015625 0.30358501250000003 0.7880859375 0.2996761921875 0.7841796875 0.2970703125 0.779296875 0.29837325312499996 0.7802734375 0.28925267187500003 0.7822265625 0.29185855312500003 0.7861328125 0.28925267187500003 0.7900390625 0.29185855312500003 0.79296875 0.28794973281249997 0.79296875 0.285343853125 0.787109375 0.2801320921875 0.78515625 0.2618909328125 0.7802734375 0.2553762328125 0.7724609375 0.26058799375 0.7685546875 0.26058799375 0.76171875 0.272314453125 0.765625 0.2827379734375 0.763671875 0.28794973281249997 0.763671875 0.29837325312499996 0.7666015625 0.302282071875 0.775390625 0.30358501250000003 0.7734375 0.3166144125 0.77734375 0.321826171875 0.7744140625 0.3231291125 0.7705078125 0.32052323125000004 0.7666015625 0.3127055921875 0.7578125 0.3192202921875 0.7578125 0.32964381249999997 0.759765625 0.33485557187500004 0.767578125 0.34006733125 0.76171875 0.3504908515625 0.7685546875 0.35961143125 0.775390625 0.358308490625 0.77734375 0.3557026109375 0.7734375 0.3504908515625 0.7734375 0.3452790921875 0.771484375 0.34267321093750003
0 0.7509765625 0.3726408296875 0.7646484375 0.38306435 0.771484375 0.37394377031250003 0.771484375 0.36352025 0.7744140625 0.3622173109375 0.779296875 0.35309673125 0.771484375 0.34006733125 0.7724609375 0.3361585125 0.77734375 0.33485557187500004 0.77734375 0.32703793124999997 0.7646484375 0.3127055921875 0.7587890625 0.3127055921875 0.7529296875 0.3257349921875 0.7470703125 0.32052323125000004 0.7431640625 0.32052323125000004 0.736328125 0.3322496921875 0.736328125 0.34267321093750003 0.7421875 0.3478849703125 0.7421875 0.3609143703125 0.7392578125 0.364823190625 0.7353515625 0.364823190625 0.732421875 0.371337890625 0.734375 0.394790809375 0.7412109375 0.3986996296875 0.75 0.397396690625 0.75390625 0.3921849296875 0.751953125 0.37654964999999996 0.75 0.37394377031250003 0.7509765625 0.3726408296875