0 0.2880859375 0.22149979531250003 0.2841796875 0.22149979531250003 0.2822265625 0.2188939140625 0.2705078125 0.2188939140625 0.2626953125 0.2136821546875 0.2509765625 0.2136821546875 0.2421875 0.222802734375 0.2421875 0.2332262546875 0.244140625 0.23843801406249998 0.2548828125 0.24755859375 0.2587890625 0.24755859375 0.2607421875 0.25016447343750003 0.2646484375 0.25016447343750003 0.2666015625 0.24755859375 0.287109375 0.24886153281249998 0.2900390625 0.24755859375 0.294921875 0.23843801406249998 0.294921875 0.230620375 0.2880859375 0.22149979531250003
0 0.2626953125 0.25016447343750003 0.255859375 0.259285053125 0.255859375 0.2749203328125 0.2587890625 0.278829153125 0.2646484375 0.278829153125 0.2666015625 0.28143503281250004 0.275390625 0.2801320921875 0.283203125 0.2749203328125 0.28515625 0.25407329375 0.2783203125 0.25016447343750003 0.2626953125 0.25016447343750003
0 0.2333984375 0.22931743437500002 0.2294921875 0.22931743437500002 0.2216796875 0.23452919374999998 0.21484375 0.2436497734375 0.21484375 0.2566791734375 0.216796875 0.259285053125 0.21875 0.2801320921875 0.2255859375 0.28404091249999996 0.23046875 0.2827379734375 0.244140625 0.26710269375 0.248046875 0.2566791734375 0.24609375 0.2436497734375 0.2333984375 0.22931743437500002
0 0.2509765625 0.2710115125 0.2431640625 0.2710115125 0.2333984375 0.278829153125 0.23046875 0.285343853125 0.234375 0.29837325312499996 0.2412109375 0.3074938328125 0.25 0.3061908921875 0.259765625 0.29837325312499996 0.26171875 0.285343853125 0.2548828125 0.27361739375 0.2509765625 0.2710115125
0 0.2939453125 0.3100997125 0.2900390625 0.3074938328125 0.2822265625 0.3074938328125 0.2802734375 0.3100997125 0.2724609375 0.302282071875 0.2548828125 0.302282071875 0.24609375 0.3114026515625 0.248046875 0.3244320515625 0.2548828125 0.33355263125 0.2607421875 0.33355263125 0.2626953125 0.3361585125 0.2724609375 0.3387643921875 0.2841796875 0.3491879109375 0.291015625 0.3478849703125 0.294921875 0.3452790921875 0.30078125 0.3322496921875 0.30078125 0.321826171875 0.2939453125 0.3100997125
0 0.3134765625 0.328340871875 0.3056640625 0.328340871875 0.298828125 0.33485557187500004 0.294921875 0.3478849703125 0.3017578125 0.3622173109375 0.3056640625 0.364823190625 0.31640625 0.36352025 0.322265625 0.3478849703125 0.322265625 0.34006733125 0.3173828125 0.33094675156250003 0.3134765625 0.328340871875
0 0.3115234375 0.278829153125 0.3056640625 0.27361739375 0.2998046875 0.27361739375 0.2900390625 0.265799753125 0.28125 0.2749203328125 0.27734375 0.2827379734375 0.27734375 0.295767371875 0.2841796875 0.304887953125 0.2998046875 0.302282071875 0.30078125 0.3061908921875 0.3095703125 0.31531147187499997 0.318359375 0.3140085328125 0.326171875 0.3009791328125 0.326171875 0.2931614921875 0.3193359375 0.28143503281250004 0.3115234375 0.278829153125
0 0.322265625 0.24104389375 0.3134765625 0.23452919374999998 0.3056640625 0.23452919374999998 0.294921875 0.2514674140625 0.291015625 0.2644968125 0.2998046875 0.27361739375 0.3056640625 0.27361739375 0.3076171875 0.27622327343749997 0.318359375 0.2749203328125 0.326171875 0.2618909328125 0.326171875 0.25407329375 0.322265625 0.24625565468750002 0.322265625 0.24104389375
0 0.34765625 0.3009791328125 0.341796875 0.2905556125 0.341796875 0.285343853125 0.337890625 0.2749203328125 0.3349609375 0.2710115125 0.3291015625 0.2710115125 0.32421875 0.2827379734375 0.32421875 0.28794973281249997 0.326171875 0.2905556125 0.326171875 0.3009791328125 0.330078125 0.308796771875 0.328125 0.3140085328125 0.328125 0.3244320515625 0.330078125 0.32703793124999997 0.330078125 0.3322496921875 0.3330078125 0.3361585125 0.3359375 0.33485557187500004 0.345703125 0.3322496921875 0.345703125 0.3244320515625 0.34765625 0.321826171875 0.34765625 0.3009791328125
0 0.3330078125 0.3127055921875 0.3310546875 0.3100997125 0.328125 0.3140085328125 0.328125 0.32964381249999997 0.330078125 0.3322496921875 0.33203125 0.3452790921875 0.3408203125 0.3570055515625 0.34765625 0.3557026109375 0.35546875 0.3478849703125 0.35546875 0.32964381249999997 0.3466796875 0.3127055921875 0.3330078125 0.3127055921875
0 0.2109375 0.285343853125 0.2060546875 0.27622327343749997 0.1982421875 0.27622327343749997 0.193359375 0.28794973281249997 0.193359375 0.3061908921875 0.1953125 0.3114026515625 0.2001953125 0.31531147187499997 0.2060546875 0.31531147187499997 0.2080078125 0.3179173515625 0.2109375 0.3166144125 0.21484375 0.3114026515625 0.21484375 0.3009791328125 0.212890625 0.29837325312499996 0.2109375 0.285343853125
0 0.1982421875 0.31531147187499997 0.1923828125 0.31531147187499997 0.185546875 0.32964381249999997 0.185546875 0.3478849703125 0.1884765625 0.351793790625 0.1953125 0.3504908515625 0.205078125 0.34006733125 0.208984375 0.32964381249999997 0.208984375 0.321826171875 0.1982421875 0.31531147187499997
0 0.2255859375 0.34658203125 0.2177734375 0.3439761515625 0.2158203125 0.3387643921875 0.2119140625 0.3413702703125 0.2099609375 0.3361585125 0.201171875 0.3504908515625 0.201171875 0.3557026109375 0.205078125 0.3609143703125 0.20703125 0.3791555296875 0.2158203125 0.390881990625 0.2216796875 0.3934878703125 0.2275390625 0.40130550937500004 0.23046875 0.40000257031249997 0.236328125 0.38957905 0.232421875 0.3791555296875 0.232421875 0.358308490625 0.2255859375 0.34658203125
0 0.2119140625 0.3856702296875 0.2001953125 0.3856702296875 0.19140625 0.397396690625 0.19140625 0.41042608906250005 0.193359375 0.41563785 0.1982421875 0.42215255 0.21484375 0.420849609375 0.2177734375 0.41433490937500006 0.2265625 0.40782020937499996 0.224609375 0.397396690625 0.2119140625 0.3856702296875
0 0.2236328125 0.40912315 0.212890625 0.420849609375 0.212890625 0.433879009375 0.2197265625 0.44560546875 0.23046875 0.44430252968749995 0.234375 0.43909076875 0.236328125 0.4312731296875 0.232421875 0.4182437296875 0.2236328125 0.40912315
0 0.2470703125 0.390881990625 0.2392578125 0.3934878703125 0.232421875 0.40260844999999995 0.232421875 0.420849609375 0.234375 0.42606136875 0.2431640625 0.4351819484375 0.2578125 0.433879009375 0.259765625 0.4312731296875 0.259765625 0.40782020937499996 0.255859375 0.397396690625 0.2470703125 0.390881990625
0 0.263671875 0.44430252968749995 0.2626953125 0.4351819484375 0.2392578125 0.4351819484375 0.228515625 0.45212016874999994 0.228515625 0.46775544843750005 0.23046875 0.47296720781249996 0.2353515625 0.4794819078125 0.248046875 0.47817896718749997 0.2529296875 0.47687602812499996 0.2578125 0.470361328125 0.259765625 0.45472604843750003 0.263671875 0.44430252968749995
0 0.271484375 0.3478849703125 0.2646484375 0.3387643921875 0.2548828125 0.3387643921875 0.2529296875 0.3413702703125 0.251953125 0.3322496921875 0.2451171875 0.32052323125000004 0.2353515625 0.32052323125000004 0.2265625 0.3322496921875 0.2265625 0.34267321093750003 0.232421875 0.358308490625 0.2451171875 0.3726408296875 0.2470703125 0.37003495000000003 0.2509765625 0.37003495000000003 0.2568359375 0.3752467109375 0.26171875 0.37394377031250003 0.2666015625 0.3726408296875 0.271484375 0.36612613125000004 0.2734375 0.3609143703125 0.271484375 0.3478849703125
0 0.3037109375 0.3986996296875 0.310546875 0.38957905 0.3125 0.384367290625 0.3125 0.37394377031250003 0.3095703125 0.3674290703125 0.3017578125 0.3622173109375 0.2880859375 0.3622173109375 0.2861328125 0.364823190625 0.271484375 0.36612613125000004 0.26953125 0.3791555296875 0.259765625 0.394790809375 0.259765625 0.40521432968750004 0.2685546875 0.4195466703125 0.27734375 0.4182437296875 0.28515625 0.41042608906250005 0.2880859375 0.3934878703125 0.2958984375 0.3986996296875 0.3037109375 0.3986996296875
0 0.33984375 0.36612613125000004 0.3359375 0.3557026109375 0.3291015625 0.34658203125 0.3232421875 0.34658203125 0.314453125 0.36612613125000004 0.314453125 0.384367290625 0.3212890625 0.39609375 0.33203125 0.394790809375 0.337890625 0.38957905 0.337890625 0.384367290625 0.33984375 0.3817614109375 0.33984375 0.36612613125000004
0 0.328125 0.41042608906250005 0.326171875 0.40000257031249997 0.3193359375 0.3934878703125 0.3115234375 0.3934878703125 0.3076171875 0.39609375 0.30078125 0.41042608906250005 0.30078125 0.420849609375 0.298828125 0.42345548906249997 0.30078125 0.433879009375 0.3037109375 0.4377878296875 0.3125 0.4364848890625 0.3193359375 0.43257606875 0.32421875 0.42606136875 0.326171875 0.4130319703125 0.328125 0.41042608906250005
0 0.2958984375 0.427364309375 0.2880859375 0.43257606875 0.27734375 0.45212016874999994 0.27734375 0.47296720781249996 0.2841796875 0.4820877875 0.294921875 0.48078484843749997 0.30078125 0.47296720781249996 0.3046875 0.4625436875 0.302734375 0.44430252968749995 0.2958984375 0.427364309375
0 0.3212890625 0.4299701890625 0.3134765625 0.4351819484375 0.3115234375 0.43257606875 0.3037109375 0.4351819484375 0.302734375 0.45212016874999994 0.3046875 0.457331928125 0.3115234375 0.46645250781250003 0.318359375 0.46514956874999996 0.32421875 0.45993780781250004 0.328125 0.4495142890625 0.326171875 0.4364848890625 0.3212890625 0.4299701890625
0 0.783203125 0.3921849296875 0.779296875 0.371337890625 0.7705078125 0.35961143125 0.763671875 0.36612613125000004 0.763671875 0.371337890625 0.7578125 0.3869731703125 0.7578125 0.394790809375 0.759765625 0.397396690625 0.759765625 0.40521432968750004 0.7666015625 0.41433490937500006 0.7724609375 0.41433490937500006 0.7744140625 0.4169407890625 0.77734375 0.41563785 0.783203125 0.41042608906250005 0.78515625 0.40521432968750004 0.78515625 0.394790809375 0.783203125 0.3921849296875
0 0.7607421875 0.41172902968749997 0.7509765625 0.40912315 0.748046875 0.4130319703125 0.748046875 0.420849609375 0.744140625 0.4312731296875 0.744140625 0.4416966484375 0.748046875 0.45212016874999994 0.7548828125 0.46124074843749996 0.76171875 0.45993780781250004 0.771484375 0.4495142890625 0.7734375 0.44430252968749995 0.7734375 0.42866725 0.7607421875 0.41172902968749997
0 0.7861328125 0.41172902968749997 0.779296875 0.420849609375 0.775390625 0.4312731296875 0.7734375 0.4469084078125 0.775390625 0.4495142890625 0.775390625 0.45472604843750003 0.7802734375 0.46124074843749996 0.7841796875 0.46124074843749996 0.7861328125 0.46384662812500005 0.791015625 0.4625436875 0.794921875 0.45993780781250004 0.794921875 0.42345548906249997 0.791015625 0.4130319703125 0.7861328125 0.41172902968749997
0 0.8095703125 0.40651727031249996 0.806640625 0.41042608906250005 0.810546875 0.420849609375 0.8212890625 0.4351819484375 0.82421875 0.433879009375 0.82421875 0.420849609375 0.8203125 0.4130319703125 0.8134765625 0.40651727031249996 0.8095703125 0.40651727031249996
0 0.8232421875 0.377852590625 0.8173828125 0.377852590625 0.814453125 0.37394377031250003 0.81640625 0.36612613125000004 0.8115234375 0.35439967031249997 0.8017578125 0.351793790625 0.794921875 0.358308490625 0.794921875 0.371337890625 0.802734375 0.384367290625 0.8046875 0.394790809375 0.810546875 0.40521432968750004 0.8134765625 0.40912315 0.8203125 0.41042608906250005 0.828125 0.40521432968750004 0.830078125 0.40000257031249997 0.830078125 0.3869731703125 0.8232421875 0.377852590625
0 0.7763671875 0.3231291125 0.76953125 0.32964381249999997 0.765625 0.34006733125 0.767578125 0.35309673125 0.7724609375 0.35961143125 0.78515625 0.358308490625 0.7880859375 0.3570055515625 0.79296875 0.3478849703125 0.79296875 0.3244320515625 0.7763671875 0.3231291125
0 0.748046875 0.397396690625 0.7412109375 0.3856702296875 0.7373046875 0.38306435 0.7294921875 0.38306435 0.72265625 0.394790809375 0.72265625 0.40260844999999995 0.73046875 0.420849609375 0.73046875 0.42606136875 0.7353515625 0.43257606875 0.744140625 0.4312731296875 0.748046875 0.4182437296875 0.748046875 0.41042608906250005 0.75 0.40782020937499996 0.748046875 0.397396690625
0 0.7138671875 0.3726408296875 0.69921875 0.394790809375 0.69921875 0.40521432968750004 0.701171875 0.41042608906250005 0.7080078125 0.4195466703125 0.712890625 0.4182437296875 0.71875 0.40782020937499996 0.720703125 0.3791555296875 0.7177734375 0.3726408296875 0.7138671875 0.3726408296875
0 0.7109375 0.3504908515625 0.7109375 0.3452790921875 0.7021484375 0.3361585125 0.7001953125 0.3361585125 0.6875 0.35309673125 0.6875 0.358308490625 0.685546875 0.3609143703125 0.6875 0.37394377031250003 0.6962890625 0.3856702296875 0.701171875 0.384367290625 0.7080078125 0.3804584703125 0.71484375 0.36612613125000004 0.71484375 0.358308490625 0.7109375 0.3504908515625
0 0.744140625 0.321826171875 0.74609375 0.3061908921875 0.7421875 0.2931614921875 0.7373046875 0.28925267187500003 0.7275390625 0.28925267187500003 0.71875 0.30358501250000003 0.71875 0.3140085328125 0.720703125 0.3166144125 0.7138671875 0.3179173515625 0.708984375 0.3244320515625 0.712890625 0.3452790921875 0.7177734375 0.351793790625 0.720703125 0.3504908515625 0.7236328125 0.3491879109375 0.7314453125 0.3361585125 0.7353515625 0.3361585125 0.744140625 0.321826171875
0 0.755859375 0.3557026109375 0.7490234375 0.34658203125 0.7451171875 0.34658203125 0.7431640625 0.3439761515625 0.7314453125 0.34658203125 0.724609375 0.3557026109375 0.724609375 0.36873201093749997 0.7265625 0.37394377031250003 0.7333984375 0.38306435 0.74609375 0.3817614109375 0.751953125 0.37394377031250003 0.751953125 0.36873201093749997 0.755859375 0.36352025 0.755859375 0.3557026109375
0 0.7490234375 0.3179173515625 0.7451171875 0.32052323125000004 0.7421875 0.32703793124999997 0.7421875 0.34006733125 0.744140625 0.3452790921875 0.7568359375 0.35961143125 0.76171875 0.358308490625 0.765625 0.3452790921875 0.765625 0.3322496921875 0.7568359375 0.3179173515625 0.7490234375 0.3179173515625
0 0.8359375 0.29837325312499996 0.8359375 0.2905556125 0.8310546875 0.28404091249999996 0.8193359375 0.28404091249999996 0.8154296875 0.2866467921875 0.80859375 0.295767371875 0.80859375 0.3009791328125 0.806640625 0.30358501250000003 0.810546875 0.32964381249999997 0.8193359375 0.3413702703125 0.8203125 0.34006733125 0.826171875 0.33485557187500004 0.8359375 0.3166144125 0.837890625 0.3009791328125 0.8359375 0.29837325312499996
0 0.837890625 0.358308490625 0.837890625 0.3504908515625 0.841796875 0.3452790921875 0.841796875 0.33485557187500004 0.8369140625 0.3257349921875 0.8330078125 0.3257349921875 0.8203125 0.34006733125 0.818359375 0.35309673125 0.81640625 0.3557026109375 0.8203125 0.371337890625 0.8251953125 0.377852590625 0.833984375 0.37654964999999996 0.837890625 0.371337890625 0.837890625 0.36352025 0.83984375 0.3609143703125 0.837890625 0.358308490625
0 0.7763671875 0.28404091249999996 0.7666015625 0.28404091249999996 0.759765625 0.2931614921875 0.7578125 0.30358501250000003 0.76171875 0.3140085328125 0.7666015625 0.32052323125000004 0.7705078125 0.32052323125000004 0.7724609375 0.3231291125 0.79296875 0.321826171875 0.79296875 0.3114026515625 0.78515625 0.2931614921875 0.7802734375 0.2866467921875 0.7763671875 0.28404091249999996
0 0.8017578125 0.25016447343750003 0.7978515625 0.25277035468750003 0.796875 0.24625565468750002 0.798828125 0.2436497734375 0.794921875 0.2332262546875 0.7861328125 0.22410567499999998 0.7802734375 0.22410567499999998 0.771484375 0.2332262546875 0.76953125 0.23843801406249998 0.771484375 0.259285053125 0.767578125 0.2644968125 0.767578125 0.2749203328125 0.7724609375 0.28143503281250004 0.7802734375 0.28143503281250004 0.7880859375 0.27622327343749997 0.7958984375 0.27622327343749997 0.7978515625 0.278829153125 0.8056640625 0.278829153125 0.8076171875 0.28143503281250004 0.8203125 0.2801320921875 0.82421875 0.2749203328125 0.82421875 0.2618909328125 0.8154296875 0.25016447343750003 0.8017578125 0.25016447343750003
0 0.76171875 0.2566791734375 0.767578125 0.24625565468750002 0.767578125 0.23843801406249998 0.7587890625 0.22931743437500002 0.7568359375 0.23192331406250002 0.7509765625 0.23192331406250002 0.7490234375 0.22931743437500002 0.7333984375 0.22931743437500002 0.724609375 0.23843801406249998 0.7275390625 0.2397409546875 0.7314453125 0.23452919374999998 0.736328125 0.24625565468750002 0.736328125 0.259285053125 0.740234375 0.2618909328125 0.73828125 0.26710269375 0.73828125 0.2801320921875 0.7451171875 0.29185855312500003 0.75390625 0.2905556125 0.7607421875 0.2866467921875 0.765625 0.2775262125 0.765625 0.2644968125 0.76171875 0.2566791734375
0 0.7158203125 0.25016447343750003 0.7080078125 0.25277035468750003 0.701171875 0.2618909328125 0.697265625 0.272314453125 0.697265625 0.2775262125 0.703125 0.2775262125 0.712890625 0.2697085734375 0.712890625 0.2644968125 0.716796875 0.2566791734375 0.7158203125 0.25016447343750003
0 0.7236328125 0.25016447343750003 0.71484375 0.2618909328125 0.71484375 0.272314453125 0.7197265625 0.27622327343749997 0.72265625 0.2749203328125 0.736328125 0.259285053125 0.7353515625 0.24755859375 0.7275390625 0.24755859375 0.7236328125 0.25016447343750003
0 0.72265625 0.2801320921875 0.7216796875 0.2710115125 0.7119140625 0.2710115125 0.701171875 0.285343853125 0.701171875 0.2931614921875 0.7041015625 0.2970703125 0.7109375 0.295767371875 0.7158203125 0.2944644328125 0.720703125 0.28794973281249997 0.720703125 0.2827379734375 0.72265625 0.2801320921875
0 0.7177734375 0.28925267187500003 0.701171875 0.30358501250000003 0.701171875 0.308796771875 0.7041015625 0.31531147187499997 0.7080078125 0.3179173515625 0.712890625 0.3166144125 0.716796875 0.3114026515625 0.716796875 0.30358501250000003 0.720703125 0.295767371875 0.7177734375 0.28925267187500003