0 0.23828125 0.36873201093749997 0.2314453125 0.3622173109375 0.2236328125 0.3622173109375 0.2197265625 0.364823190625 0.21484375 0.37394377031250003 0.21484375 0.38957905 0.216796875 0.394790809375 0.2314453125 0.40651727031249996 0.23828125 0.40521432968750004 0.240234375 0.3869731703125 0.2421875 0.384367290625 0.2421875 0.3791555296875 0.23828125 0.36873201093749997
0 0.236328125 0.42345548906249997 0.236328125 0.4130319703125 0.234375 0.40782020937499996 0.2294921875 0.40651727031249996 0.2197265625 0.39609375 0.2138671875 0.39609375 0.2041015625 0.40130550937500004 0.197265625 0.4182437296875 0.19921875 0.42866725 0.2060546875 0.4377878296875 0.21484375 0.4364848890625 0.2216796875 0.43257606875 0.2294921875 0.43257606875 0.2333984375 0.4299701890625 0.236328125 0.42345548906249997
0 0.2587890625 0.40651727031249996 0.2509765625 0.4039113890625 0.2470703125 0.40651727031249996 0.240234375 0.4182437296875 0.240234375 0.433879009375 0.2451171875 0.44299958906250003 0.2490234375 0.44560546875 0.255859375 0.44430252968749995 0.267578125 0.4312731296875 0.267578125 0.42345548906249997 0.26953125 0.420849609375 0.2587890625 0.40651727031249996
0 0.2744140625 0.38306435 0.255859375 0.40000257031249997 0.255859375 0.40260844999999995 0.2685546875 0.4195466703125 0.28125 0.4182437296875 0.2890625 0.40521432968750004 0.2890625 0.394790809375 0.2841796875 0.38827611093750003 0.2744140625 0.38306435
0 0.2666015625 0.3413702703125 0.2587890625 0.3439761515625 0.25 0.358308490625 0.25 0.36873201093749997 0.2607421875 0.37003495000000003 0.2685546875 0.377852590625 0.275390625 0.37654964999999996 0.27734375 0.371337890625 0.27734375 0.3557026109375 0.275390625 0.3504908515625 0.2666015625 0.3413702703125
0 0.2509765625 0.3674290703125 0.244140625 0.37654964999999996 0.2421875 0.384367290625 0.2470703125 0.39609375 0.2548828125 0.40130550937500004 0.2578125 0.40000257031249997 0.2724609375 0.3856702296875 0.2734375 0.3817614109375 0.2587890625 0.3674290703125 0.2509765625 0.3674290703125
0 0.4970703125 0.40130550937500004 0.4873046875 0.40130550937500004 0.478515625 0.40782020937499996 0.474609375 0.4182437296875 0.474609375 0.4312731296875 0.478515625 0.43909076875 0.4833984375 0.44299958906250003 0.49609375 0.4416966484375 0.51171875 0.42606136875 0.51171875 0.41563785 0.5029296875 0.40912315 0.4970703125 0.40130550937500004
0 0.5244140625 0.38306435 0.5146484375 0.3804584703125 0.498046875 0.3921849296875 0.498046875 0.40000257031249997 0.5087890625 0.41433490937500006 0.5166015625 0.4195466703125 0.5234375 0.4182437296875 0.5263671875 0.4169407890625 0.533203125 0.40521432968750004 0.53125 0.3921849296875 0.5244140625 0.38306435
0 0.494140625 0.3817614109375 0.494140625 0.38957905 0.4990234375 0.39609375 0.5 0.394790809375 0.513671875 0.3817614109375 0.5107421875 0.3752467109375 0.5009765625 0.3726408296875 0.494140625 0.3817614109375
0 0.486328125 0.3869731703125 0.486328125 0.3791555296875 0.4794921875 0.37003495000000003 0.4619140625 0.3674290703125 0.451171875 0.3791555296875 0.447265625 0.38957905 0.447265625 0.40521432968750004 0.4560546875 0.4169407890625 0.4599609375 0.4195466703125 0.46484375 0.4182437296875 0.4716796875 0.4169407890625 0.48046875 0.40521432968750004 0.48046875 0.397396690625 0.486328125 0.3869731703125
0 0.478515625 0.34006733125 0.4716796875 0.33094675156250003 0.4599609375 0.33094675156250003 0.453125 0.34006733125 0.453125 0.35309673125 0.4619140625 0.3674290703125 0.47265625 0.36873201093749997 0.48046875 0.36612613125000004 0.482421875 0.3609143703125 0.482421875 0.3504908515625 0.478515625 0.34006733125
0 0.4853515625 0.3387643921875 0.4814453125 0.3413702703125 0.48046875 0.35309673125 0.482421875 0.358308490625 0.48046875 0.36352025 0.482421875 0.36873201093749997 0.49609375 0.36873201093749997 0.5 0.3609143703125 0.5 0.3478849703125 0.4931640625 0.3387643921875 0.4853515625 0.3387643921875
0 0.7333984375 0.3491879109375 0.7294921875 0.34658203125 0.7177734375 0.3491879109375 0.705078125 0.36352025 0.7060546875 0.377852590625 0.7099609375 0.377852590625 0.7177734375 0.38306435 0.73046875 0.3817614109375 0.7333984375 0.3804584703125 0.740234375 0.36873201093749997 0.740234375 0.3609143703125 0.7333984375 0.3491879109375
0 0.7158203125 0.3804584703125 0.7041015625 0.377852590625 0.6953125 0.38957905 0.6953125 0.40260844999999995 0.7041015625 0.4169407890625 0.712890625 0.41563785 0.720703125 0.40782020937499996 0.72265625 0.38957905 0.720703125 0.384367290625 0.7158203125 0.3804584703125
0 0.7314453125 0.40651727031249996 0.7216796875 0.40651727031249996 0.712890625 0.420849609375 0.712890625 0.4364848890625 0.7294921875 0.4377878296875 0.7314453125 0.440393709375 0.736328125 0.43909076875 0.740234375 0.433879009375 0.740234375 0.4182437296875 0.73828125 0.4130319703125 0.7314453125 0.40651727031249996
0 0.7333984375 0.440393709375 0.724609375 0.45212016874999994 0.720703125 0.45993780781250004 0.720703125 0.46514956874999996 0.7314453125 0.4742701484375 0.7421875 0.47296720781249996 0.744140625 0.470361328125 0.744140625 0.45472604843750003 0.7421875 0.4495142890625 0.7333984375 0.440393709375
0 0.708984375 0.45472604843750003 0.708984375 0.45993780781250004 0.7138671875 0.46645250781250003 0.71875 0.46775544843750005 0.732421875 0.4416966484375 0.7255859375 0.4351819484375 0.7138671875 0.4377878296875 0.708984375 0.45472604843750003
0 0.7685546875 0.4351819484375 0.7666015625 0.4299701890625 0.7587890625 0.4247584296875 0.748046875 0.4364848890625 0.748046875 0.45212016874999994 0.7548828125 0.46124074843749996 0.76171875 0.45993780781250004 0.76953125 0.45212016874999994 0.771484375 0.4469084078125 0.771484375 0.4364848890625 0.7685546875 0.4351819484375
0 0.755859375 0.42606136875 0.7568359375 0.4299701890625 0.7646484375 0.43257606875 0.7705078125 0.440393709375 0.7734375 0.43909076875 0.775390625 0.42606136875 0.7724609375 0.4169407890625 0.7626953125 0.4169407890625 0.755859375 0.42606136875
0 0.7431640625 0.3986996296875 0.73828125 0.41042608906250005 0.740234375 0.4182437296875 0.7490234375 0.427364309375 0.755859375 0.42606136875 0.759765625 0.420849609375 0.7578125 0.41042608906250005 0.7490234375 0.3986996296875 0.7431640625 0.3986996296875
0 0.7626953125 0.377852590625 0.7607421875 0.3752467109375 0.75 0.3869731703125 0.75 0.40260844999999995 0.7587890625 0.4169407890625 0.767578125 0.41563785 0.7734375 0.40521432968750004 0.7734375 0.38957905 0.7666015625 0.377852590625 0.7626953125 0.377852590625