0 0.2607421875 0.427364309375 0.255859375 0.433879009375 0.255859375 0.43909076875 0.2626953125 0.4482113484375 0.267578125 0.4469084078125 0.2724609375 0.44560546875 0.27734375 0.433879009375 0.2724609375 0.4247584296875 0.2607421875 0.427364309375
0 0.2451171875 0.4247584296875 0.240234375 0.4312731296875 0.240234375 0.4364848890625 0.2451171875 0.44299958906250003 0.2490234375 0.44560546875 0.251953125 0.44430252968749995 0.255859375 0.43909076875 0.255859375 0.433879009375 0.2509765625 0.4247584296875 0.2451171875 0.4247584296875
0 0.25 0.457331928125 0.2578125 0.457331928125 0.26171875 0.4469084078125 0.2548828125 0.440393709375 0.25 0.4469084078125 0.25 0.457331928125
0 0.2275390625 0.4377878296875 0.22265625 0.44430252968749995 0.22265625 0.4495142890625 0.220703125 0.45212016874999994 0.2275390625 0.46124074843749996 0.2353515625 0.46124074843749996 0.2392578125 0.46645250781250003 0.240234375 0.46514956874999996 0.24609375 0.45993780781250004 0.24609375 0.4495142890625 0.2392578125 0.4377878296875 0.2275390625 0.4377878296875
0 0.4921875 0.3921849296875 0.490234375 0.37394377031250003 0.4833984375 0.3622173109375 0.4736328125 0.3622173109375 0.46875 0.371337890625 0.46875 0.3817614109375 0.4658203125 0.38306435 0.45703125 0.397396690625 0.4638671875 0.40912315 0.4677734375 0.41172902968749997 0.470703125 0.41042608906250005 0.4765625 0.40521432968750004 0.4794921875 0.39609375 0.4892578125 0.39609375 0.4921875 0.3921849296875
0 0.212890625 0.4625436875 0.212890625 0.47557308750000005 0.2109375 0.47817896718749997 0.212890625 0.4859966078125 0.2158203125 0.489905428125 0.21875 0.4886024875 0.228515625 0.47817896718749997 0.228515625 0.4625436875 0.2216796875 0.4534231078125 0.212890625 0.4625436875
0 0.26953125 0.46775544843750005 0.2646484375 0.46124074843749996 0.2607421875 0.46124074843749996 0.255859375 0.46775544843750005 0.255859375 0.496420128125 0.2626953125 0.4977230671875 0.2646484375 0.5003289468750001 0.26953125 0.4990260078125 0.275390625 0.493814246875 0.275390625 0.4859966078125 0.26953125 0.47557308750000005 0.26953125 0.46775544843750005
0 0.25390625 0.47817896718749997 0.25390625 0.46514956874999996 0.2509765625 0.46124074843749996 0.2451171875 0.46124074843749996 0.240234375 0.46775544843750005 0.23828125 0.47557308750000005 0.2353515625 0.4794819078125 0.2314453125 0.4794819078125 0.2265625 0.4886024875 0.2314453125 0.4977230671875 0.2353515625 0.4977230671875 0.2412109375 0.5055407078124999 0.25 0.5042377671875 0.25390625 0.496420128125 0.25390625 0.4859966078125 0.25 0.48078484843749997 0.25390625 0.47817896718749997
0 0.2314453125 0.5003289468750001 0.2255859375 0.489905428125 0.2216796875 0.489905428125 0.216796875 0.493814246875 0.212890625 0.5146612875 0.2177734375 0.5211759875 0.2236328125 0.5159642265625 0.2275390625 0.5159642265625 0.2333984375 0.5237818671875 0.2421875 0.5224789265625 0.24609375 0.5172671671875 0.24609375 0.5120554078125 0.2431640625 0.5055407078124999 0.2314453125 0.5003289468750001
0 0.494140625 0.4130319703125 0.4931640625 0.4039113890625 0.4814453125 0.4039113890625 0.46875 0.4130319703125 0.46875 0.42345548906249997 0.4716796875 0.427364309375 0.4833984375 0.4351819484375 0.4873046875 0.4351819484375 0.4892578125 0.4377878296875 0.4921875 0.4364848890625 0.4951171875 0.4351819484375 0.498046875 0.42866725 0.498046875 0.420849609375 0.494140625 0.4130319703125
0 0.5087890625 0.3986996296875 0.4970703125 0.3986996296875 0.494140625 0.40521432968750004 0.498046875 0.4130319703125 0.498046875 0.420849609375 0.5029296875 0.427364309375 0.51171875 0.42606136875 0.515625 0.4182437296875 0.515625 0.4130319703125 0.51171875 0.40260844999999995 0.5087890625 0.3986996296875
0 0.546875 0.41042608906250005 0.546875 0.40260844999999995 0.5419921875 0.3986996296875 0.5341796875 0.3856702296875 0.5283203125 0.3856702296875 0.5263671875 0.38827611093750003 0.5224609375 0.3856702296875 0.5146484375 0.3856702296875 0.51171875 0.38957905 0.51171875 0.40260844999999995 0.5166015625 0.4039113890625 0.51953125 0.40782020937499996 0.517578125 0.420849609375 0.5263671875 0.4299701890625 0.5302734375 0.4299701890625 0.5322265625 0.427364309375 0.5361328125 0.427364309375 0.5380859375 0.4299701890625 0.54296875 0.42866725 0.546875 0.42345548906249997 0.546875 0.41563785 0.548828125 0.4130319703125 0.546875 0.41042608906250005
0 0.5400390625 0.4351819484375 0.533203125 0.4416966484375 0.533203125 0.46514956874999996 0.5361328125 0.46905838749999995 0.54296875 0.46775544843750005 0.55078125 0.457331928125 0.55078125 0.4495142890625 0.546875 0.4416966484375 0.5400390625 0.4351819484375
0 0.533203125 0.4469084078125 0.533203125 0.4364848890625 0.5263671875 0.4299701890625 0.5205078125 0.4299701890625 0.5185546875 0.43257606875 0.5146484375 0.4299701890625 0.5068359375 0.4299701890625 0.50390625 0.433879009375 0.50390625 0.44430252968749995 0.51171875 0.45472604843750003 0.509765625 0.45993780781250004 0.509765625 0.470361328125 0.5126953125 0.4742701484375 0.521484375 0.47557308750000005 0.52734375 0.46775544843750005 0.52734375 0.45472604843750003 0.5302734375 0.4534231078125 0.533203125 0.4469084078125
0 0.50390625 0.44430252968749995 0.4970703125 0.4377878296875 0.4931640625 0.4377878296875 0.486328125 0.4469084078125 0.486328125 0.45212016874999994 0.490234375 0.4625436875 0.484375 0.470361328125 0.484375 0.47817896718749997 0.4892578125 0.48469366718750007 0.5009765625 0.48469366718750007 0.5029296875 0.487299546875 0.509765625 0.4859966078125 0.513671875 0.48078484843749997 0.513671875 0.47557308750000005 0.505859375 0.46514956874999996 0.50390625 0.44430252968749995
0 0.482421875 0.45472604843750003 0.478515625 0.45212016874999994 0.478515625 0.4416966484375 0.474609375 0.4312731296875 0.4697265625 0.4247584296875 0.4638671875 0.4247584296875 0.458984375 0.4312731296875 0.458984375 0.4416966484375 0.46484375 0.45212016874999994 0.45703125 0.46514956874999996 0.4619140625 0.4742701484375 0.46875 0.47296720781249996 0.4794921875 0.47166426875 0.484375 0.46514956874999996 0.484375 0.45993780781250004 0.482421875 0.45472604843750003
0 0.75390625 0.42606136875 0.75 0.4182437296875 0.751953125 0.41563785 0.751953125 0.40782020937499996 0.7470703125 0.40130550937500004 0.7412109375 0.40130550937500004 0.736328125 0.4130319703125 0.7314453125 0.41433490937500006 0.7236328125 0.42215255 0.720703125 0.42866725 0.720703125 0.4364848890625 0.7255859375 0.44299958906250003 0.732421875 0.4416966484375 0.7392578125 0.4351819484375 0.7451171875 0.440393709375 0.75390625 0.4312731296875 0.75390625 0.42606136875
0 0.775390625 0.4182437296875 0.775390625 0.41042608906250005 0.7705078125 0.4039113890625 0.7666015625 0.4039113890625 0.763671875 0.40782020937499996 0.763671875 0.4130319703125 0.7548828125 0.4169407890625 0.751953125 0.42345548906249997 0.75390625 0.4312731296875 0.7587890625 0.4351819484375 0.7626953125 0.4351819484375 0.7646484375 0.4299701890625 0.7724609375 0.4299701890625 0.7763671875 0.4377878296875 0.78515625 0.4364848890625 0.787109375 0.42866725 0.7822265625 0.42215255 0.7783203125 0.42215255 0.775390625 0.4182437296875
0 0.7724609375 0.44299958906250003 0.7646484375 0.4351819484375 0.7587890625 0.4351819484375 0.755859375 0.43909076875 0.75390625 0.4469084078125 0.7587890625 0.4560289875 0.7666015625 0.4560289875 0.7705078125 0.46124074843749996 0.78125 0.45993780781250004 0.78515625 0.45472604843750003 0.78515625 0.4495142890625 0.7822265625 0.44299958906250003 0.7724609375 0.44299958906250003
0 0.7705078125 0.45863486875000004 0.765625 0.46775544843750005 0.76953125 0.48078484843749997 0.7744140625 0.487299546875 0.78125 0.4859966078125 0.787109375 0.47817896718749997 0.783203125 0.46514956874999996 0.7763671875 0.45863486875000004 0.7705078125 0.45863486875000004
0 0.75390625 0.457331928125 0.75390625 0.44430252968749995 0.7490234375 0.4377878296875 0.7451171875 0.4377878296875 0.7373046875 0.45081722968750004 0.7353515625 0.4482113484375 0.7314453125 0.4482113484375 0.724609375 0.45472604843750003 0.724609375 0.4625436875 0.728515625 0.470361328125 0.73046875 0.483390728125 0.7333984375 0.487299546875 0.744140625 0.4859966078125 0.74609375 0.483390728125 0.744140625 0.47817896718749997 0.744140625 0.46514956874999996 0.75390625 0.457331928125
0 0.7734375 0.5068436468749999 0.77734375 0.5016318875 0.77734375 0.4912083671875 0.7724609375 0.487299546875 0.76953125 0.483390728125 0.76953125 0.47817896718749997 0.7607421875 0.46905838749999995 0.7548828125 0.47166426875 0.751953125 0.47557308750000005 0.751953125 0.48078484843749997 0.7607421875 0.489905428125 0.765625 0.4990260078125 0.7626953125 0.502934828125 0.7548828125 0.502934828125 0.7509765625 0.5055407078124999 0.744140625 0.5146612875 0.744140625 0.519873046875 0.7470703125 0.526387746875 0.7509765625 0.5289936265625 0.755859375 0.5276906875 0.7607421875 0.5211759875 0.7705078125 0.526387746875 0.775390625 0.519873046875 0.7734375 0.5068436468749999
0 0.76953125 0.47817896718749997 0.7626953125 0.47166426875 0.7568359375 0.46124074843749996 0.751953125 0.46775544843750005 0.751953125 0.47557308750000005 0.7451171875 0.4820877875 0.7421875 0.4886024875 0.7470703125 0.5003289468750001 0.75390625 0.4990260078125 0.7587890625 0.489905428125 0.7666015625 0.489905428125 0.76953125 0.483390728125 0.76953125 0.47817896718749997
0 0.7236328125 0.4925113078125 0.716796875 0.4990260078125 0.71875 0.5068436468749999 0.7216796875 0.5107524671875 0.7255859375 0.5107524671875 0.7294921875 0.5211759875 0.736328125 0.519873046875 0.740234375 0.5094495265625001 0.7392578125 0.5003289468750001 0.7314453125 0.5003289468750001 0.7236328125 0.4925113078125
0 0.7158203125 0.4560289875 0.7119140625 0.4560289875 0.701171875 0.46514956874999996 0.701171875 0.47296720781249996 0.7060546875 0.4794819078125 0.7119140625 0.4820877875 0.71484375 0.4859966078125 0.7158203125 0.4925113078125 0.720703125 0.493814246875 0.728515625 0.48078484843749997 0.728515625 0.470361328125 0.7216796875 0.46645250781250003 0.7158203125 0.4560289875