0 0.205078125 0.394790809375 0.2099609375 0.40130550937500004 0.2197265625 0.40130550937500004 0.232421875 0.3817614109375 0.23046875 0.36352025 0.2216796875 0.35439967031249997 0.2158203125 0.35439967031249997 0.2080078125 0.35961143125 0.205078125 0.36612613125000004 0.205078125 0.371337890625 0.203125 0.37394377031250003 0.203125 0.38957905 0.205078125 0.394790809375
0 0.2119140625 0.35961143125 0.2177734375 0.35439967031249997 0.2255859375 0.351793790625 0.23046875 0.3557026109375 0.228515625 0.3609143703125 0.2314453125 0.364823190625 0.232421875 0.36352025 0.232421875 0.3504908515625 0.228515625 0.3452790921875 0.23046875 0.34267321093750003 0.2236328125 0.33355263125 0.2080078125 0.3257349921875 0.2021484375 0.3257349921875 0.1953125 0.3322496921875 0.193359375 0.3452790921875 0.2001953125 0.35439967031249997 0.2080078125 0.35961143125 0.2119140625 0.35961143125
0 0.23828125 0.32964381249999997 0.23828125 0.3166144125 0.236328125 0.3114026515625 0.2314453125 0.3074938328125 0.2236328125 0.3074938328125 0.216796875 0.3140085328125 0.21484375 0.32703793124999997 0.2255859375 0.3413702703125 0.2314453125 0.3413702703125 0.23828125 0.32964381249999997
0 0.2529296875 0.3622173109375 0.2548828125 0.35961143125 0.2646484375 0.3570055515625 0.26953125 0.3504908515625 0.2734375 0.34006733125 0.2734375 0.33485557187500004 0.2666015625 0.3231291125 0.2568359375 0.3231291125 0.2490234375 0.328340871875 0.240234375 0.34267321093750003 0.23828125 0.3478849703125 0.23828125 0.358308490625 0.2412109375 0.3622173109375 0.2529296875 0.3622173109375
0 0.2548828125 0.3856702296875 0.2607421875 0.3856702296875 0.265625 0.3791555296875 0.265625 0.36873201093749997 0.2607421875 0.35961143125 0.2431640625 0.3622173109375 0.23828125 0.36873201093749997 0.2431640625 0.3726408296875 0.2490234375 0.3726408296875 0.2548828125 0.3856702296875
0 0.2373046875 0.4039113890625 0.2470703125 0.4039113890625 0.255859375 0.38957905 0.25390625 0.37394377031250003 0.2470703125 0.364823190625 0.2392578125 0.364823190625 0.234375 0.37394377031250003 0.234375 0.3791555296875 0.232421875 0.3817614109375 0.234375 0.40000257031249997 0.2373046875 0.4039113890625
0 0.4384765625 0.377852590625 0.4482421875 0.3752467109375 0.4580078125 0.3622173109375 0.4599609375 0.3622173109375 0.462890625 0.3557026109375 0.458984375 0.34267321093750003 0.4501953125 0.33355263125 0.4423828125 0.33355263125 0.431640625 0.3478849703125 0.431640625 0.35309673125 0.4296875 0.3557026109375 0.431640625 0.36873201093749997 0.4384765625 0.377852590625
0 0.4736328125 0.3986996296875 0.4814453125 0.3934878703125 0.484375 0.3869731703125 0.484375 0.37394377031250003 0.4736328125 0.3622173109375 0.4658203125 0.3622173109375 0.4619140625 0.35961143125 0.4560546875 0.3674290703125 0.4482421875 0.3726408296875 0.4453125 0.37654964999999996 0.4453125 0.384367290625 0.4599609375 0.39609375 0.4736328125 0.3986996296875
0 0.5048828125 0.390881990625 0.5087890625 0.38827611093750003 0.515625 0.37654964999999996 0.515625 0.36352025 0.5087890625 0.35439967031249997 0.5009765625 0.351793790625 0.4990234375 0.35439967031249997 0.4931640625 0.35439967031249997 0.4833984375 0.35961143125 0.482421875 0.36612613125000004 0.484375 0.371337890625 0.4951171875 0.38827611093750003 0.5048828125 0.390881990625
0 0.47265625 0.3478849703125 0.474609375 0.35309673125 0.4833984375 0.35961143125 0.4931640625 0.35439967031249997 0.5009765625 0.35439967031249997 0.5078125 0.3452790921875 0.5078125 0.34006733125 0.51171875 0.3322496921875 0.51171875 0.321826171875 0.5048828125 0.3100997125 0.5009765625 0.3074938328125 0.4912109375 0.3100997125 0.482421875 0.321826171875 0.482421875 0.3244320515625 0.47265625 0.33485557187500004 0.47265625 0.3478849703125
0 0.4619140625 0.33355263125 0.4638671875 0.33094675156250003 0.4677734375 0.33094675156250003 0.474609375 0.321826171875 0.4716796875 0.31531147187499997 0.4580078125 0.304887953125 0.4443359375 0.304887953125 0.439453125 0.3114026515625 0.4375 0.3166144125 0.439453125 0.3244320515625 0.4482421875 0.33355263125 0.4619140625 0.33355263125
0 0.4716796875 0.3179173515625 0.4775390625 0.3179173515625 0.490234375 0.30358501250000003 0.4921875 0.29837325312499996 0.4921875 0.2827379734375 0.4853515625 0.27361739375 0.4736328125 0.27361739375 0.45703125 0.2931614921875 0.455078125 0.30358501250000003 0.4580078125 0.3074938328125 0.4658203125 0.3100997125 0.4716796875 0.3179173515625
0 0.7041015625 0.42215255 0.7138671875 0.4247584296875 0.720703125 0.41563785 0.72265625 0.394790809375 0.7119140625 0.3752467109375 0.7080078125 0.3752467109375 0.703125 0.3817614109375 0.703125 0.3869731703125 0.69921875 0.397396690625 0.69921875 0.4130319703125 0.7041015625 0.42215255
0 0.724609375 0.3921849296875 0.724609375 0.3791555296875 0.7197265625 0.3726408296875 0.7080078125 0.3752467109375 0.70703125 0.3791555296875 0.7119140625 0.3804584703125 0.7197265625 0.3934878703125 0.724609375 0.3921849296875
0 0.6962890625 0.40130550937500004 0.69921875 0.397396690625 0.701171875 0.3921849296875 0.7001953125 0.38306435 0.6826171875 0.3726408296875 0.6767578125 0.3752467109375 0.67578125 0.3921849296875 0.6806640625 0.3986996296875 0.6845703125 0.40130550937500004 0.6962890625 0.40130550937500004
0 0.6962890625 0.3804584703125 0.7001953125 0.3856702296875 0.70703125 0.37394377031250003 0.70703125 0.35309673125 0.703125 0.34267321093750003 0.6982421875 0.3361585125 0.6884765625 0.33094675156250003 0.6806640625 0.33355263125 0.67578125 0.34006733125 0.673828125 0.3452790921875 0.673828125 0.3557026109375 0.6796875 0.371337890625 0.6962890625 0.3804584703125
0 0.7099609375 0.34658203125 0.7255859375 0.34658203125 0.736328125 0.32703793124999997 0.732421875 0.308796771875 0.7197265625 0.29185855312500003 0.7099609375 0.29185855312500003 0.69921875 0.30358501250000003 0.69921875 0.308796771875 0.697265625 0.3114026515625 0.69921875 0.3322496921875 0.7099609375 0.34658203125
0 0.728515625 0.3478849703125 0.7255859375 0.3439761515625 0.7119140625 0.3439761515625 0.708984375 0.3504908515625 0.7158203125 0.3622173109375 0.7265625 0.3609143703125 0.728515625 0.3478849703125
0 0.7451171875 0.3622173109375 0.7548828125 0.35961143125 0.763671875 0.3478849703125 0.765625 0.33485557187500004 0.763671875 0.32964381249999997 0.7548828125 0.32052323125000004 0.7431640625 0.32052323125000004 0.734375 0.32964381249999997 0.732421875 0.33746145156249996 0.728515625 0.34267321093750003 0.7265625 0.3609143703125 0.7294921875 0.364823190625 0.7431640625 0.364823190625 0.7451171875 0.3622173109375
0 0.7392578125 0.3986996296875 0.7509765625 0.3986996296875 0.759765625 0.3869731703125 0.759765625 0.371337890625 0.7548828125 0.35961143125 0.7509765625 0.35961143125 0.7431640625 0.364823190625 0.7314453125 0.364823190625 0.728515625 0.36873201093749997 0.728515625 0.384367290625 0.7353515625 0.39609375 0.7392578125 0.3986996296875