0 0.181640625 0.33746145156249996 0.1904296875 0.3491879109375 0.1982421875 0.3491879109375 0.2060546875 0.3439761515625 0.2119140625 0.3439761515625 0.220703125 0.33746145156249996 0.220703125 0.3244320515625 0.21484375 0.3192202921875 0.2109375 0.3061908921875 0.2060546875 0.2996761921875 0.2021484375 0.2996761921875 0.2001953125 0.2970703125 0.1884765625 0.2970703125 0.1826171875 0.302282071875 0.1796875 0.3061908921875 0.1796875 0.32703793124999997 0.181640625 0.32964381249999997 0.181640625 0.33746145156249996
0 0.2138671875 0.38306435 0.2236328125 0.3726408296875 0.228515625 0.36352025 0.228515625 0.3478849703125 0.2236328125 0.3413702703125 0.2158203125 0.3413702703125 0.2138671875 0.3439761515625 0.2041015625 0.3439761515625 0.2001953125 0.34658203125 0.197265625 0.3504908515625 0.197265625 0.36873201093749997 0.2060546875 0.38306435 0.2138671875 0.38306435
0 0.2607421875 0.39609375 0.26953125 0.384367290625 0.26953125 0.36873201093749997 0.267578125 0.36612613125000004 0.267578125 0.3609143703125 0.2568359375 0.34658203125 0.2470703125 0.3439761515625 0.23828125 0.3557026109375 0.236328125 0.3609143703125 0.236328125 0.3791555296875 0.2470703125 0.39609375 0.2607421875 0.39609375
0 0.197265625 0.35309673125 0.197265625 0.36873201093749997 0.2060546875 0.38306435 0.2138671875 0.38306435 0.2265625 0.36873201093749997 0.2294921875 0.35961143125 0.2333984375 0.35961143125 0.234375 0.37394377031250003 0.23828125 0.384367290625 0.2470703125 0.39609375 0.2607421875 0.39609375 0.267578125 0.3869731703125 0.26953125 0.3817614109375 0.26953125 0.36873201093749997 0.265625 0.358308490625 0.265625 0.34006733125 0.2578125 0.32964381249999997 0.259765625 0.32703793124999997 0.259765625 0.3061908921875 0.255859375 0.3009791328125 0.2548828125 0.29185855312500003 0.2509765625 0.29185855312500003 0.2490234375 0.28925267187500003 0.2353515625 0.28925267187500003 0.228515625 0.29837325312499996 0.2255859375 0.3127055921875 0.2197265625 0.3074938328125 0.2119140625 0.3074938328125 0.2021484375 0.2970703125 0.1884765625 0.2970703125 0.1845703125 0.2996761921875 0.1796875 0.3061908921875 0.1796875 0.3322496921875 0.1845703125 0.3439761515625 0.197265625 0.35309673125
0 0.4541015625 0.4195466703125 0.4609375 0.41042608906250005 0.462890625 0.394790809375 0.4560546875 0.3804584703125 0.4521484375 0.377852590625 0.4384765625 0.3804584703125 0.43359375 0.3869731703125 0.431640625 0.40000257031249997 0.435546875 0.41042608906250005 0.4423828125 0.4195466703125 0.4541015625 0.4195466703125
0 0.4306640625 0.3804584703125 0.4443359375 0.3804584703125 0.451171875 0.37654964999999996 0.453125 0.371337890625 0.453125 0.3609143703125 0.44921875 0.35309673125 0.44921875 0.3478849703125 0.4404296875 0.3361585125 0.4365234375 0.33355263125 0.4287109375 0.33355263125 0.4248046875 0.3361585125 0.419921875 0.3452790921875 0.41796875 0.3504908515625 0.41796875 0.36352025 0.4267578125 0.377852590625 0.4306640625 0.3804584703125
0 0.486328125 0.37394377031250003 0.486328125 0.358308490625 0.4794921875 0.3491879109375 0.4736328125 0.3491879109375 0.458984375 0.3609143703125 0.45703125 0.37394377031250003 0.4658203125 0.38306435 0.4775390625 0.38306435 0.486328125 0.37394377031250003
0 0.431640625 0.40000257031249997 0.4375 0.4130319703125 0.4443359375 0.4195466703125 0.4521484375 0.4195466703125 0.4609375 0.41042608906250005 0.462890625 0.394790809375 0.458984375 0.384367290625 0.4677734375 0.38306435 0.4697265625 0.3856702296875 0.4736328125 0.3856702296875 0.4833984375 0.3804584703125 0.486328125 0.37394377031250003 0.486328125 0.358308490625 0.482421875 0.35309673125 0.48046875 0.3452790921875 0.48828125 0.32964381249999997 0.48828125 0.3166144125 0.486328125 0.3114026515625 0.4775390625 0.302282071875 0.4658203125 0.302282071875 0.453125 0.3166144125 0.451171875 0.32964381249999997 0.4443359375 0.3387643921875 0.4365234375 0.33355263125 0.4287109375 0.33355263125 0.41796875 0.3478849703125 0.41796875 0.36612613125000004 0.43359375 0.384367290625 0.431640625 0.40000257031249997
0 0.7607421875 0.440393709375 0.7685546875 0.440393709375 0.7724609375 0.4377878296875 0.78125 0.42345548906249997 0.78125 0.3869731703125 0.7763671875 0.38306435 0.7568359375 0.39609375 0.748046875 0.40782020937499996 0.748046875 0.42606136875 0.7568359375 0.4377878296875 0.7607421875 0.440393709375
0 0.7607421875 0.39609375 0.779296875 0.3791555296875 0.775390625 0.371337890625 0.7705078125 0.3674290703125 0.7587890625 0.3674290703125 0.751953125 0.37654964999999996 0.751953125 0.38957905 0.7548828125 0.39609375 0.7607421875 0.39609375
0 0.78515625 0.42606136875 0.7919921875 0.4351819484375 0.8017578125 0.4377878296875 0.8037109375 0.440393709375 0.8095703125 0.440393709375 0.814453125 0.433879009375 0.81640625 0.42866725 0.81640625 0.40782020937499996 0.8115234375 0.3986996296875 0.7880859375 0.3986996296875 0.78515625 0.40260844999999995 0.783203125 0.40782020937499996 0.783203125 0.4182437296875 0.78515625 0.420849609375 0.78515625 0.42606136875
0 0.8193359375 0.39609375 0.826171875 0.384367290625 0.826171875 0.36873201093749997 0.82421875 0.36352025 0.8193359375 0.35439967031249997 0.8154296875 0.35439967031249997 0.8134765625 0.351793790625 0.8037109375 0.35439967031249997 0.7890625 0.37654964999999996 0.787109375 0.38957905 0.7939453125 0.3986996296875 0.8154296875 0.3986996296875 0.8193359375 0.39609375
0 0.7568359375 0.4377878296875 0.7607421875 0.440393709375 0.7685546875 0.440393709375 0.7724609375 0.4377878296875 0.779296875 0.42866725 0.7822265625 0.4195466703125 0.7841796875 0.4195466703125 0.78515625 0.42606136875 0.7958984375 0.4377878296875 0.8076171875 0.440393709375 0.814453125 0.433879009375 0.81640625 0.42866725 0.81640625 0.40782020937499996 0.814453125 0.40521432968750004 0.814453125 0.40000257031249997 0.8193359375 0.39609375 0.826171875 0.384367290625 0.826171875 0.36873201093749997 0.8173828125 0.35439967031249997 0.8037109375 0.35439967031249997 0.7958984375 0.364823190625 0.7861328125 0.3674290703125 0.7802734375 0.377852590625 0.7705078125 0.3674290703125 0.7587890625 0.3674290703125 0.751953125 0.37654964999999996 0.75390625 0.40000257031249997 0.748046875 0.40782020937499996 0.748046875 0.42606136875 0.7568359375 0.4377878296875