0 0.296875 0.26710269375 0.2900390625 0.26058799375 0.2841796875 0.26058799375 0.2763671875 0.265799753125 0.267578125 0.2775262125 0.267578125 0.2827379734375 0.265625 0.285343853125 0.265625 0.30358501250000003 0.26171875 0.308796771875 0.26171875 0.3244320515625 0.2666015625 0.33094675156250003 0.271484375 0.32964381249999997 0.2802734375 0.3257349921875 0.298828125 0.29837325312499996 0.30078125 0.2775262125 0.296875 0.26710269375
0 0.30859375 0.34267321093750003 0.3134765625 0.3387643921875 0.322265625 0.3244320515625 0.322265625 0.3166144125 0.3173828125 0.3100997125 0.3056640625 0.302282071875 0.2978515625 0.302282071875 0.28515625 0.3192202921875 0.27734375 0.33485557187500004 0.27734375 0.3452790921875 0.275390625 0.3478849703125 0.275390625 0.36612613125000004 0.27734375 0.36873201093749997 0.27734375 0.37394377031250003 0.2841796875 0.38306435 0.298828125 0.3817614109375 0.310546875 0.36873201093749997 0.310546875 0.3504908515625 0.30859375 0.3478849703125 0.30859375 0.34267321093750003
0 0.2529296875 0.2866467921875 0.2412109375 0.2866467921875 0.2392578125 0.28925267187500003 0.2294921875 0.29185855312500003 0.22265625 0.3009791328125 0.21875 0.3140085328125 0.220703125 0.32703793124999997 0.2255859375 0.3361585125 0.2333984375 0.3413702703125 0.244140625 0.34006733125 0.2529296875 0.3361585125 0.259765625 0.321826171875 0.259765625 0.30358501250000003 0.2529296875 0.2866467921875
0 0.26953125 0.3557026109375 0.265625 0.3452790921875 0.2607421875 0.3387643921875 0.2509765625 0.3361585125 0.2431640625 0.3413702703125 0.224609375 0.34267321093750003 0.224609375 0.3504908515625 0.228515625 0.3609143703125 0.232421875 0.36612613125000004 0.236328125 0.3791555296875 0.2412109375 0.3856702296875 0.2451171875 0.38827611093750003 0.259765625 0.3869731703125 0.267578125 0.3791555296875 0.267578125 0.371337890625 0.26953125 0.36873201093749997 0.26953125 0.3557026109375
0 0.2236328125 0.3491879109375 0.2158203125 0.3491879109375 0.208984375 0.3609143703125 0.2109375 0.3791555296875 0.212890625 0.384367290625 0.2197265625 0.390881990625 0.228515625 0.38957905 0.234375 0.384367290625 0.236328125 0.37654964999999996 0.2265625 0.35309673125 0.2236328125 0.3491879109375
0 0.212890625 0.285343853125 0.2080078125 0.278829153125 0.2041015625 0.27622327343749997 0.1962890625 0.27622327343749997 0.185546875 0.28794973281249997 0.18359375 0.308796771875 0.1904296875 0.3257349921875 0.203125 0.3244320515625 0.2099609375 0.3231291125 0.216796875 0.3140085328125 0.216796875 0.29837325312499996 0.212890625 0.285343853125
0 0.2099609375 0.3231291125 0.2060546875 0.3257349921875 0.1904296875 0.3257349921875 0.1865234375 0.328340871875 0.177734375 0.34267321093750003 0.17578125 0.3609143703125 0.1796875 0.371337890625 0.1826171875 0.3752467109375 0.193359375 0.37394377031250003 0.205078125 0.3609143703125 0.2109375 0.3452790921875 0.212890625 0.32703793124999997 0.2099609375 0.3231291125
0 0.224609375 0.40260844999999995 0.2099609375 0.38306435 0.2021484375 0.377852590625 0.1884765625 0.377852590625 0.1796875 0.38957905 0.1796875 0.40260844999999995 0.177734375 0.40521432968750004 0.1796875 0.4182437296875 0.1884765625 0.43257606875 0.1923828125 0.43257606875 0.1943359375 0.4351819484375 0.201171875 0.433879009375 0.2138671875 0.4247584296875 0.2236328125 0.42215255 0.2265625 0.4182437296875 0.224609375 0.40260844999999995
0 0.22265625 0.420849609375 0.2197265625 0.4247584296875 0.2080078125 0.427364309375 0.201171875 0.433879009375 0.201171875 0.4469084078125 0.205078125 0.457331928125 0.2099609375 0.46124074843749996 0.216796875 0.45993780781250004 0.23046875 0.44430252968749995 0.23046875 0.42866725 0.2236328125 0.41433490937500006 0.22265625 0.420849609375
0 0.2451171875 0.4039113890625 0.232421875 0.4182437296875 0.232421875 0.4364848890625 0.2373046875 0.44560546875 0.2412109375 0.44560546875 0.2431640625 0.4482113484375 0.248046875 0.4469084078125 0.255859375 0.42606136875 0.255859375 0.41042608906250005 0.2490234375 0.4039113890625 0.2451171875 0.4039113890625
0 0.27734375 0.4364848890625 0.2666015625 0.42215255 0.2626953125 0.42215255 0.2568359375 0.427364309375 0.25 0.43909076875 0.248046875 0.44430252968749995 0.248046875 0.45993780781250004 0.25 0.4625436875 0.25 0.46775544843750005 0.2568359375 0.47687602812499996 0.2607421875 0.4794819078125 0.267578125 0.47817896718749997 0.279296875 0.46514956874999996 0.28125 0.45993780781250004 0.28125 0.4495142890625 0.27734375 0.4364848890625
0 0.3017578125 0.3934878703125 0.2919921875 0.390881990625 0.271484375 0.41563785 0.271484375 0.42606136875 0.2734375 0.4312731296875 0.2802734375 0.4377878296875 0.2841796875 0.4377878296875 0.2900390625 0.44299958906250003 0.296875 0.4416966484375 0.3046875 0.433879009375 0.30859375 0.42345548906249997 0.30859375 0.40260844999999995 0.3017578125 0.3934878703125
0 0.283203125 0.3921849296875 0.2763671875 0.38306435 0.2705078125 0.3804584703125 0.263671875 0.38957905 0.259765625 0.40000257031249997 0.259765625 0.40521432968750004 0.255859375 0.41042608906250005 0.2578125 0.4130319703125 0.25 0.42606136875 0.25 0.4312731296875 0.25390625 0.4312731296875 0.2626953125 0.42215255 0.2685546875 0.42215255 0.283203125 0.40000257031249997 0.283203125 0.3921849296875
0 0.537109375 0.2697085734375 0.53515625 0.2644968125 0.5205078125 0.24755859375 0.5166015625 0.2449527140625 0.5087890625 0.2449527140625 0.49609375 0.259285053125 0.494140625 0.2644968125 0.494140625 0.2749203328125 0.4921875 0.2775262125 0.494140625 0.2801320921875 0.494140625 0.28794973281249997 0.5009765625 0.302282071875 0.5107421875 0.3100997125 0.51953125 0.308796771875 0.5283203125 0.302282071875 0.53515625 0.2931614921875 0.537109375 0.28794973281249997 0.537109375 0.2697085734375
0 0.515625 0.3166144125 0.5048828125 0.304887953125 0.4970703125 0.2996761921875 0.4892578125 0.2996761921875 0.4775390625 0.3074938328125 0.47265625 0.321826171875 0.4775390625 0.3361585125 0.4833984375 0.3413702703125 0.494140625 0.34267321093750003 0.5068359375 0.3361585125 0.5126953125 0.3361585125 0.521484375 0.32703793124999997 0.515625 0.3166144125
0 0.525390625 0.33746145156249996 0.5185546875 0.33094675156250003 0.5166015625 0.33355263125 0.4951171875 0.3413702703125 0.494140625 0.358308490625 0.498046875 0.36873201093749997 0.5048828125 0.3752467109375 0.517578125 0.37394377031250003 0.5205078125 0.3726408296875 0.52734375 0.3609143703125 0.52734375 0.34267321093750003 0.525390625 0.33746145156249996
0 0.515625 0.3114026515625 0.515625 0.3192202921875 0.5205078125 0.3257349921875 0.525390625 0.3244320515625 0.5322265625 0.32052323125000004 0.53515625 0.3140085328125 0.5302734375 0.302282071875 0.515625 0.3114026515625
0 0.5751953125 0.2970703125 0.5654296875 0.2970703125 0.5576171875 0.302282071875 0.548828125 0.3166144125 0.548828125 0.321826171875 0.546875 0.3244320515625 0.546875 0.32703793124999997 0.5517578125 0.33094675156250003 0.5556640625 0.3387643921875 0.5634765625 0.3439761515625 0.5703125 0.34267321093750003 0.5751953125 0.3413702703125 0.58203125 0.32964381249999997 0.580078125 0.30358501250000003 0.5751953125 0.2970703125
0 0.56640625 0.3452790921875 0.5517578125 0.33355263125 0.5458984375 0.33355263125 0.541015625 0.3452790921875 0.541015625 0.3609143703125 0.5498046875 0.3726408296875 0.5546875 0.371337890625 0.5595703125 0.37003495000000003 0.564453125 0.36352025 0.56640625 0.358308490625 0.56640625 0.3452790921875
0 0.564453125 0.3869731703125 0.5595703125 0.3804584703125 0.5556640625 0.3804584703125 0.5537109375 0.377852590625 0.5439453125 0.3804584703125 0.5380859375 0.3856702296875 0.533203125 0.394790809375 0.5302734375 0.3986996296875 0.5263671875 0.3986996296875 0.5234375 0.40521432968750004 0.525390625 0.40782020937499996 0.5234375 0.420849609375 0.5263671875 0.427364309375 0.5341796875 0.427364309375 0.5361328125 0.4299701890625 0.5439453125 0.4299701890625 0.5458984375 0.43257606875 0.55078125 0.4312731296875 0.5615234375 0.4247584296875 0.568359375 0.41042608906250005 0.568359375 0.397396690625 0.564453125 0.3869731703125
0 0.5244140625 0.427364309375 0.51953125 0.4364848890625 0.521484375 0.4469084078125 0.5302734375 0.45863486875000004 0.5380859375 0.46384662812500005 0.54296875 0.4625436875 0.548828125 0.45472604843750003 0.548828125 0.433879009375 0.5439453125 0.4299701890625 0.5244140625 0.427364309375
0 0.521484375 0.4312731296875 0.521484375 0.41563785 0.5234375 0.4130319703125 0.5234375 0.40782020937499996 0.5205078125 0.4039113890625 0.5107421875 0.3986996296875 0.5029296875 0.40130550937500004 0.498046875 0.40782020937499996 0.498046875 0.41563785 0.486328125 0.4312731296875 0.486328125 0.4364848890625 0.484375 0.43909076875 0.484375 0.4495142890625 0.4912109375 0.46124074843749996 0.505859375 0.46514956874999996 0.5107421875 0.46384662812500005 0.51953125 0.4495142890625 0.51953125 0.433879009375 0.521484375 0.4312731296875
0 0.4775390625 0.3934878703125 0.466796875 0.41042608906250005 0.46484375 0.42606136875 0.4736328125 0.4377878296875 0.482421875 0.4364848890625 0.4921875 0.420849609375 0.4921875 0.40782020937499996 0.4833984375 0.3934878703125 0.4775390625 0.3934878703125
0 0.486328125 0.40000257031249997 0.482421875 0.394790809375 0.48046875 0.37654964999999996 0.484375 0.371337890625 0.486328125 0.35309673125 0.484375 0.3504908515625 0.484375 0.3452790921875 0.4755859375 0.33355263125 0.4677734375 0.328340871875 0.4580078125 0.328340871875 0.451171875 0.33485557187500004 0.447265625 0.3452790921875 0.447265625 0.36873201093749997 0.44921875 0.37394377031250003 0.4443359375 0.377852590625 0.4404296875 0.377852590625 0.431640625 0.3921849296875 0.431640625 0.420849609375 0.43359375 0.42606136875 0.4404296875 0.43257606875 0.4541015625 0.43257606875 0.4638671875 0.4247584296875 0.4716796875 0.4351819484375 0.478515625 0.4364848890625 0.484375 0.4312731296875 0.484375 0.40782020937499996 0.486328125 0.40521432968750004 0.486328125 0.40000257031249997
0 0.755859375 0.3192202921875 0.755859375 0.3114026515625 0.75390625 0.308796771875 0.75390625 0.2827379734375 0.751953125 0.2775262125 0.7412109375 0.265799753125 0.7236328125 0.2631938734375 0.71875 0.2697085734375 0.71875 0.2749203328125 0.716796875 0.2775262125 0.71875 0.2827379734375 0.71875 0.2931614921875 0.72265625 0.3009791328125 0.7109375 0.3140085328125 0.708984375 0.3192202921875 0.708984375 0.3322496921875 0.7197265625 0.3491879109375 0.7236328125 0.351793790625 0.732421875 0.3504908515625 0.7373046875 0.3491879109375 0.74609375 0.33746145156249996 0.74609375 0.3322496921875 0.755859375 0.3192202921875
0 0.783203125 0.2931614921875 0.7890625 0.2775262125 0.7890625 0.2644968125 0.787109375 0.259285053125 0.7802734375 0.25277035468750003 0.7666015625 0.25016447343750003 0.7578125 0.259285053125 0.75390625 0.2697085734375 0.755859375 0.3009791328125 0.7666015625 0.32052323125000004 0.7705078125 0.3231291125 0.77734375 0.321826171875 0.7802734375 0.32052323125000004 0.78515625 0.3114026515625 0.78515625 0.29837325312499996 0.783203125 0.2931614921875
0 0.794921875 0.40782020937499996 0.79296875 0.40521432968750004 0.79296875 0.40000257031249997 0.7998046875 0.39609375 0.8056640625 0.39609375 0.814453125 0.384367290625 0.818359375 0.3609143703125 0.8076171875 0.3439761515625 0.8037109375 0.3439761515625 0.8017578125 0.3413702703125 0.7939453125 0.3413702703125 0.7900390625 0.3439761515625 0.783203125 0.32964381249999997 0.7744140625 0.3231291125 0.7646484375 0.328340871875 0.759765625 0.33485557187500004 0.755859375 0.3478849703125 0.755859375 0.3557026109375 0.7578125 0.3609143703125 0.765625 0.36873201093749997 0.765625 0.37394377031250003 0.76171875 0.3817614109375 0.76171875 0.3869731703125 0.75390625 0.40000257031249997 0.75390625 0.4130319703125 0.755859375 0.41563785 0.755859375 0.420849609375 0.7626953125 0.43257606875 0.7744140625 0.44299958906250003 0.77734375 0.4416966484375 0.7841796875 0.4377878296875 0.791015625 0.42606136875 0.79296875 0.41042608906250005 0.794921875 0.40782020937499996
0 0.744140625 0.397396690625 0.73828125 0.36612613125000004 0.7314453125 0.3570055515625 0.7236328125 0.3570055515625 0.7138671875 0.364823190625 0.708984375 0.371337890625 0.7060546875 0.38827611093750003 0.6982421875 0.38306435 0.6904296875 0.3856702296875 0.68359375 0.394790809375 0.68359375 0.40000257031249997 0.681640625 0.40260844999999995 0.68359375 0.4182437296875 0.6923828125 0.43257606875 0.7021484375 0.4351819484375 0.703125 0.44430252968749995 0.7080078125 0.45081722968750004 0.71875 0.4495142890625 0.7265625 0.4364848890625 0.7265625 0.41563785 0.7353515625 0.41172902968749997 0.744140625 0.397396690625
0 0.7841796875 0.48469366718750007 0.787109375 0.48078484843749997 0.7890625 0.47557308750000005 0.787109375 0.4625436875 0.7783203125 0.45081722968750004 0.7666015625 0.4482113484375 0.7587890625 0.4534231078125 0.7529296875 0.4482113484375 0.7353515625 0.4482113484375 0.7333984375 0.45081722968750004 0.7236328125 0.45081722968750004 0.71484375 0.45993780781250004 0.712890625 0.47296720781249996 0.7216796875 0.4925113078125 0.7255859375 0.4951171875 0.7373046875 0.4951171875 0.7451171875 0.489905428125 0.7529296875 0.5003289468750001 0.759765625 0.4990260078125 0.7646484375 0.4925113078125 0.7724609375 0.4925113078125 0.7763671875 0.487299546875 0.7841796875 0.48469366718750007