0 0.7490234375 0.364823190625 0.7451171875 0.364823190625 0.7412109375 0.37003495000000003 0.7314453125 0.3726408296875 0.72265625 0.384367290625 0.72265625 0.3921849296875 0.7275390625 0.3986996296875 0.7314453125 0.40130550937500004 0.7421875 0.40000257031249997 0.7490234375 0.39609375 0.75390625 0.3869731703125 0.75390625 0.371337890625 0.7490234375 0.364823190625
0 0.7587890625 0.364823190625 0.7548828125 0.364823190625 0.75390625 0.384367290625 0.751953125 0.3869731703125 0.75390625 0.38957905 0.75390625 0.394790809375 0.763671875 0.394790809375 0.767578125 0.3921849296875 0.76953125 0.384367290625 0.763671875 0.371337890625 0.7587890625 0.364823190625
0 0.7724609375 0.3413702703125 0.7607421875 0.3413702703125 0.7587890625 0.3439761515625 0.7568359375 0.3413702703125 0.7490234375 0.3413702703125 0.744140625 0.3478849703125 0.744140625 0.3557026109375 0.7548828125 0.364823190625 0.7626953125 0.364823190625 0.7705078125 0.37003495000000003 0.779296875 0.36873201093749997 0.78125 0.36612613125000004 0.78125 0.358308490625 0.7734375 0.3478849703125 0.7724609375 0.3413702703125
0 0.77734375 0.3244320515625 0.7763671875 0.31531147187499997 0.7724609375 0.3127055921875 0.7646484375 0.3179173515625 0.7548828125 0.3179173515625 0.751953125 0.321826171875 0.75 0.33485557187500004 0.7529296875 0.3413702703125 0.7568359375 0.3439761515625 0.771484375 0.34267321093750003 0.771484375 0.33746145156249996 0.775390625 0.3322496921875 0.775390625 0.32703793124999997 0.77734375 0.3244320515625
0 0.7939453125 0.304887953125 0.7841796875 0.302282071875 0.77734375 0.3114026515625 0.779296875 0.3166144125 0.77734375 0.3192202921875 0.775390625 0.3322496921875 0.7783203125 0.3387643921875 0.7900390625 0.34658203125 0.798828125 0.3452790921875 0.8046875 0.33485557187500004 0.8046875 0.3244320515625 0.794921875 0.3114026515625 0.7939453125 0.304887953125
0 0.7919921875 0.27361739375 0.783203125 0.285343853125 0.783203125 0.295767371875 0.7880859375 0.302282071875 0.7919921875 0.302282071875 0.7939453125 0.304887953125 0.806640625 0.30358501250000003 0.80859375 0.3009791328125 0.80859375 0.285343853125 0.8037109375 0.27622327343749997 0.7919921875 0.27361739375
0 0.783203125 0.285343853125 0.7744140625 0.278829153125 0.767578125 0.28794973281249997 0.765625 0.3009791328125 0.7705078125 0.31531147187499997 0.779296875 0.3140085328125 0.77734375 0.3114026515625 0.78515625 0.29837325312499996 0.783203125 0.295767371875 0.783203125 0.285343853125
0 0.7431640625 0.27361739375 0.73828125 0.2801320921875 0.73828125 0.2905556125 0.740234375 0.295767371875 0.7451171875 0.302282071875 0.7490234375 0.302282071875 0.7509765625 0.304887953125 0.755859375 0.30358501250000003 0.763671875 0.295767371875 0.763671875 0.285343853125 0.7548828125 0.27361739375 0.7431640625 0.27361739375
0 0.7607421875 0.2631938734375 0.755859375 0.2697085734375 0.755859375 0.2749203328125 0.7626953125 0.28404091249999996 0.7666015625 0.2866467921875 0.76953125 0.285343853125 0.7734375 0.2801320921875 0.771484375 0.26710269375 0.7685546875 0.2631938734375 0.7607421875 0.2631938734375
0 0.77734375 0.259285053125 0.779296875 0.24625565468750002 0.7734375 0.23843801406249998 0.7685546875 0.22410567499999998 0.7646484375 0.22149979531250003 0.7548828125 0.22149979531250003 0.7470703125 0.22671155468749998 0.7421875 0.2332262546875 0.740234375 0.2436497734375 0.7490234375 0.2579821125 0.7568359375 0.2579821125 0.7587890625 0.2553762328125 0.7646484375 0.265799753125 0.76953125 0.26710269375 0.7685546875 0.2710115125 0.7646484375 0.2710115125 0.7626953125 0.2684056328125 0.7578125 0.2697085734375 0.7578125 0.2749203328125 0.7666015625 0.2866467921875 0.767578125 0.285343853125 0.7734375 0.2749203328125 0.771484375 0.272314453125 0.771484375 0.26710269375 0.77734375 0.259285053125
0 0.802734375 0.24625565468750002 0.7919921875 0.2371350734375 0.7841796875 0.2397409546875 0.779296875 0.24625565468750002 0.779296875 0.25407329375 0.77734375 0.2566791734375 0.783203125 0.26710269375 0.7900390625 0.27361739375 0.798828125 0.272314453125 0.8046875 0.26710269375 0.8046875 0.2618909328125 0.806640625 0.259285053125 0.802734375 0.24625565468750002
0 0.77734375 0.2801320921875 0.7802734375 0.28404091249999996 0.787109375 0.2827379734375 0.791015625 0.272314453125 0.7841796875 0.2684056328125 0.779296875 0.272314453125 0.77734375 0.2801320921875
0 0.78125 0.230620375 0.783203125 0.22801449375 0.783203125 0.2201968546875 0.7783203125 0.211076275 0.7724609375 0.211076275 0.767578125 0.2201968546875 0.767578125 0.230620375 0.76953125 0.2332262546875 0.765625 0.2436497734375 0.7734375 0.2436497734375 0.7802734375 0.24234683437500001 0.783203125 0.23843801406249998 0.783203125 0.2332262546875 0.78125 0.230620375
0 0.78515625 0.2254086140625 0.7890625 0.235832134375 0.7978515625 0.24755859375 0.802734375 0.24886153281249998 0.80078125 0.222802734375 0.7919921875 0.2084703953125 0.78515625 0.21759097500000002 0.78515625 0.2254086140625
0 0.7890625 0.199349815625 0.7841796875 0.19022923593750002 0.7763671875 0.18501747500000001 0.7666015625 0.18501747500000001 0.759765625 0.2019556953125 0.7666015625 0.216288034375 0.7734375 0.2149850953125 0.7802734375 0.2084703953125 0.7861328125 0.2084703953125 0.7890625 0.204561575 0.7890625 0.199349815625
0 0.755859375 0.2019556953125 0.7490234375 0.192835115625 0.7333984375 0.192835115625 0.7294921875 0.19022923593750002 0.7265625 0.19674393437499998 0.716796875 0.20716745468750003 0.716796875 0.2123792140625 0.720703125 0.222802734375 0.7294921875 0.23452919374999998 0.734375 0.2332262546875 0.7373046875 0.22931743437500002 0.7451171875 0.22931743437500002 0.755859375 0.21759097500000002 0.755859375 0.2019556953125
0 0.732421875 0.35309673125 0.7216796875 0.3413702703125 0.7060546875 0.3387643921875 0.705078125 0.34267321093750003 0.697265625 0.3504908515625 0.6953125 0.36352025 0.7041015625 0.3752467109375 0.712890625 0.37394377031250003 0.7197265625 0.364823190625 0.7275390625 0.364823190625 0.7314453125 0.3622173109375 0.732421875 0.35309673125
0 0.75390625 0.308796771875 0.7490234375 0.302282071875 0.7373046875 0.304887953125 0.7294921875 0.2970703125 0.7236328125 0.302282071875 0.7138671875 0.302282071875 0.7099609375 0.304887953125 0.705078125 0.3140085328125 0.70703125 0.3244320515625 0.7119140625 0.33094675156250003 0.7177734375 0.33355263125 0.7255859375 0.34658203125 0.7294921875 0.3491879109375 0.734375 0.3478849703125 0.744140625 0.34006733125 0.744140625 0.3322496921875 0.75390625 0.3166144125 0.75390625 0.308796771875
0 0.73828125 0.2827379734375 0.73828125 0.2775262125 0.74609375 0.2697085734375 0.74609375 0.2644968125 0.748046875 0.2618909328125 0.74609375 0.2566791734375 0.7275390625 0.23452919374999998 0.7177734375 0.23192331406250002 0.712890625 0.23843801406249998 0.712890625 0.25407329375 0.71484375 0.2566791734375 0.71484375 0.26710269375 0.716796875 0.272314453125 0.708984375 0.2827379734375 0.70703125 0.3009791328125 0.72265625 0.3009791328125 0.73046875 0.2931614921875 0.728515625 0.2905556125 0.7294921875 0.28925267187500003 0.73828125 0.2827379734375
0 0.71484375 0.26710269375 0.7099609375 0.2579821125 0.7060546875 0.2553762328125 0.6982421875 0.2553762328125 0.6943359375 0.265799753125 0.6826171875 0.2684056328125 0.677734375 0.2749203328125 0.677734375 0.28794973281249997 0.6826171875 0.2944644328125 0.6865234375 0.2970703125 0.6943359375 0.2970703125 0.6982421875 0.302282071875 0.716796875 0.3009791328125 0.720703125 0.29837325312499996 0.720703125 0.2931614921875 0.716796875 0.28794973281249997 0.71484375 0.26710269375
0 0.6943359375 0.32052323125000004 0.6845703125 0.32052323125000004 0.6796875 0.32703793124999997 0.6796875 0.3478849703125 0.6826171875 0.35439967031249997 0.693359375 0.35309673125 0.6962890625 0.351793790625 0.701171875 0.34267321093750003 0.701171875 0.32964381249999997 0.6943359375 0.32052323125000004
0 0.7041015625 0.3127055921875 0.7021484375 0.3074938328125 0.6943359375 0.3074938328125 0.689453125 0.3166144125 0.689453125 0.3192202921875 0.7001953125 0.33094675156250003 0.7041015625 0.33094675156250003 0.7060546875 0.328340871875 0.7099609375 0.328340871875 0.7119140625 0.33094675156250003 0.71484375 0.32964381249999997 0.712890625 0.3140085328125 0.7099609375 0.3074938328125 0.7060546875 0.3127055921875 0.7041015625 0.3127055921875
0 0.68359375 0.3061908921875 0.68359375 0.29837325312499996 0.6796875 0.2931614921875 0.6796875 0.28794973281249997 0.677734375 0.285343853125 0.677734375 0.2749203328125 0.6650390625 0.27361739375 0.662109375 0.2801320921875 0.6640625 0.2827379734375 0.66015625 0.28794973281249997 0.662109375 0.2931614921875 0.662109375 0.30358501250000003 0.6640625 0.3061908921875 0.6640625 0.3192202921875 0.669921875 0.33746145156249996 0.6748046875 0.3413702703125 0.67578125 0.34006733125 0.6796875 0.32703793124999997 0.685546875 0.3166144125 0.685546875 0.308796771875 0.68359375 0.3061908921875
0 0.677734375 0.25407329375 0.673828125 0.24104389375 0.6689453125 0.2371350734375 0.6669921875 0.2397409546875 0.6630859375 0.2397409546875 0.658203125 0.24625565468750002 0.65625 0.2514674140625 0.65625 0.2697085734375 0.6611328125 0.27361739375 0.6650390625 0.28143503281250004 0.6689453125 0.28404091249999996 0.673828125 0.2827379734375 0.677734375 0.2749203328125 0.677734375 0.26710269375 0.67578125 0.2644968125 0.677734375 0.25407329375
0 0.7109375 0.24625565468750002 0.7109375 0.24104389375 0.71484375 0.230620375 0.71484375 0.222802734375 0.7109375 0.21759097500000002 0.7099609375 0.211076275 0.7021484375 0.211076275 0.7001953125 0.2136821546875 0.6904296875 0.216288034375 0.6884765625 0.22149979531250003 0.677734375 0.230620375 0.67578125 0.2436497734375 0.677734375 0.24625565468750002 0.6796875 0.259285053125 0.6845703125 0.265799753125 0.69140625 0.2644968125 0.697265625 0.2566791734375 0.7001953125 0.2449527140625 0.7060546875 0.25016447343750003 0.7109375 0.24625565468750002
0 0.6865234375 0.198046875 0.6767578125 0.20065275468750002 0.673828125 0.204561575 0.673828125 0.2123792140625 0.669921875 0.21759097500000002 0.669921875 0.2254086140625 0.6728515625 0.22931743437500002 0.677734375 0.22801449375 0.6806640625 0.22410567499999998 0.689453125 0.2201968546875 0.685546875 0.2149850953125 0.6865234375 0.198046875
0 0.7109375 0.2123792140625 0.70703125 0.21759097500000002 0.7080078125 0.22410567499999998 0.7138671875 0.22410567499999998 0.7158203125 0.216288034375 0.7236328125 0.216288034375 0.7265625 0.2123792140625 0.7255859375 0.2084703953125 0.71875 0.20716745468750003 0.7275390625 0.198046875 0.732421875 0.19674393437499998 0.7255859375 0.18501747500000001 0.7216796875 0.1824115953125 0.7021484375 0.1824115953125 0.7001953125 0.18501747500000001 0.6962890625 0.18501747500000001 0.68359375 0.2019556953125 0.685546875 0.21759097500000002 0.6962890625 0.22931743437500002 0.703125 0.22801449375 0.703125 0.2201968546875 0.705078125 0.21759097500000002 0.7041015625 0.211076275 0.7109375 0.2123792140625
0 0.7392578125 0.16156455625 0.7177734375 0.1641704359375 0.71484375 0.16807925625 0.7197265625 0.1771998359375 0.732421875 0.1758968953125 0.7392578125 0.1745939546875 0.7421875 0.1706851359375 0.7421875 0.16547337499999998 0.7392578125 0.16156455625
0 0.7529296875 0.1771998359375 0.7353515625 0.1771998359375 0.73046875 0.18110865468749998 0.73046875 0.18632041562499999 0.7353515625 0.19022923593750002 0.7451171875 0.19022923593750002 0.7548828125 0.1954409953125 0.7578125 0.1941380546875 0.767578125 0.1837145359375 0.7607421875 0.179805715625 0.7548828125 0.179805715625 0.7529296875 0.1771998359375
0 0.5126953125 0.38306435 0.5048828125 0.3856702296875 0.498046875 0.40000257031249997 0.498046875 0.41042608906250005 0.5068359375 0.4195466703125 0.521484375 0.4182437296875 0.5234375 0.40782020937499996 0.51953125 0.40000257031249997 0.517578125 0.38957905 0.5126953125 0.38306435
0 0.4873046875 0.3570055515625 0.48046875 0.36612613125000004 0.48046875 0.3791555296875 0.482421875 0.384367290625 0.4873046875 0.38827611093750003 0.4921875 0.3869731703125 0.5078125 0.37394377031250003 0.5078125 0.36873201093749997 0.5029296875 0.35961143125 0.4873046875 0.3570055515625
0 0.517578125 0.3869731703125 0.5146484375 0.38306435 0.5009765625 0.3804584703125 0.4931640625 0.3856702296875 0.48828125 0.3921849296875 0.48828125 0.40000257031249997 0.4912109375 0.4039113890625 0.4951171875 0.4039113890625 0.5029296875 0.4169407890625 0.5068359375 0.4195466703125 0.515625 0.4182437296875 0.521484375 0.4130319703125 0.521484375 0.40521432968750004 0.517578125 0.394790809375 0.517578125 0.3869731703125
0 0.505859375 0.36352025 0.5078125 0.36612613125000004 0.5078125 0.37654964999999996 0.5126953125 0.3804584703125 0.513671875 0.3791555296875 0.515625 0.37654964999999996 0.515625 0.3609143703125 0.5107421875 0.3570055515625 0.505859375 0.36352025
0 0.55078125 0.371337890625 0.5419921875 0.364823190625 0.5322265625 0.3674290703125 0.5283203125 0.3726408296875 0.5205078125 0.37003495000000003 0.517578125 0.384367290625 0.521484375 0.394790809375 0.5244140625 0.3986996296875 0.52734375 0.397396690625 0.5419921875 0.39609375 0.5458984375 0.3934878703125 0.552734375 0.3817614109375 0.55078125 0.371337890625
0 0.541015625 0.35309673125 0.5341796875 0.3439761515625 0.5244140625 0.3439761515625 0.515625 0.358308490625 0.515625 0.36352025 0.5205078125 0.3726408296875 0.529296875 0.371337890625 0.5341796875 0.3674290703125 0.5380859375 0.3674290703125 0.541015625 0.36352025 0.541015625 0.35309673125
0 0.5537109375 0.3387643921875 0.5478515625 0.3387643921875 0.5400390625 0.3439761515625 0.5390625 0.3504908515625 0.541015625 0.35309673125 0.54296875 0.36612613125000004 0.5478515625 0.37003495000000003 0.552734375 0.36873201093749997 0.556640625 0.36352025 0.556640625 0.3504908515625 0.55859375 0.3452790921875 0.5537109375 0.3387643921875
0 0.5595703125 0.3439761515625 0.556640625 0.3504908515625 0.556640625 0.36612613125000004 0.5595703125 0.37003495000000003 0.56640625 0.36873201093749997 0.568359375 0.36612613125000004 0.568359375 0.3504908515625 0.5654296875 0.3439761515625 0.5595703125 0.3439761515625
0 0.5634765625 0.3100997125 0.556640625 0.321826171875 0.556640625 0.33485557187500004 0.5654296875 0.3439761515625 0.5703125 0.34267321093750003 0.576171875 0.33746145156249996 0.578125 0.3244320515625 0.5732421875 0.3127055921875 0.5634765625 0.3100997125
0 0.5380859375 0.302282071875 0.5341796875 0.3074938328125 0.5283203125 0.3074938328125 0.525390625 0.3114026515625 0.525390625 0.321826171875 0.5361328125 0.328340871875 0.5419921875 0.3387643921875 0.552734375 0.33746145156249996 0.5546875 0.33485557187500004 0.5546875 0.321826171875 0.5439453125 0.304887953125 0.5380859375 0.302282071875
0 0.5068359375 0.3100997125 0.501953125 0.3140085328125 0.5 0.32703793124999997 0.5048828125 0.3361585125 0.509765625 0.33485557187500004 0.51953125 0.3244320515625 0.51953125 0.3192202921875 0.5146484375 0.3127055921875 0.5068359375 0.3100997125
0 0.5048828125 0.3387643921875 0.4970703125 0.3387643921875 0.4921875 0.3478849703125 0.4921875 0.3557026109375 0.5029296875 0.3622173109375 0.509765625 0.3609143703125 0.5107421875 0.3570055515625 0.517578125 0.35309673125 0.517578125 0.3478849703125 0.5048828125 0.3387643921875
0 0.5390625 0.3322496921875 0.5341796875 0.3257349921875 0.5283203125 0.3257349921875 0.5244140625 0.32052323125000004 0.5078125 0.3322496921875 0.505859375 0.33746145156249996 0.5107421875 0.3439761515625 0.5146484375 0.3439761515625 0.5166015625 0.34658203125 0.521484375 0.3452790921875 0.5380859375 0.3439761515625 0.541015625 0.34006733125 0.5390625 0.33746145156249996 0.5390625 0.3322496921875
0 0.498046875 0.3452790921875 0.501953125 0.33485557187500004 0.5 0.3166144125 0.4970703125 0.3127055921875 0.4892578125 0.3100997125 0.48046875 0.3322496921875 0.48046875 0.33746145156249996 0.484375 0.34006733125 0.482421875 0.3452790921875 0.484375 0.3557026109375 0.4853515625 0.3570055515625 0.4912109375 0.351793790625 0.4951171875 0.3570055515625 0.4990234375 0.3570055515625 0.5009765625 0.35961143125 0.505859375 0.358308490625 0.5078125 0.3557026109375 0.505859375 0.35309673125 0.505859375 0.3478849703125 0.498046875 0.3452790921875
0 0.4814453125 0.35439967031249997 0.4736328125 0.3413702703125 0.4658203125 0.3413702703125 0.4599609375 0.3491879109375 0.4560546875 0.3491879109375 0.453125 0.33485557187500004 0.4501953125 0.33355263125 0.44921875 0.34267321093750003 0.4453125 0.3504908515625 0.4453125 0.35309673125 0.451171875 0.358308490625 0.44921875 0.3609143703125 0.44921875 0.36612613125000004 0.4619140625 0.3804584703125 0.4765625 0.3791555296875 0.48046875 0.37394377031250003 0.48046875 0.36873201093749997 0.486328125 0.358308490625 0.4814453125 0.35439967031249997
0 0.4765625 0.3244320515625 0.48046875 0.3140085328125 0.4775390625 0.3100997125 0.4638671875 0.3100997125 0.44921875 0.32964381249999997 0.451171875 0.33746145156249996 0.4580078125 0.34658203125 0.4609375 0.3452790921875 0.4638671875 0.3413702703125 0.4716796875 0.3413702703125 0.4765625 0.3322496921875 0.4765625 0.3244320515625
0 0.513671875 0.2905556125 0.5126953125 0.28925267187500003 0.4912109375 0.28404091249999996 0.48828125 0.2905556125 0.48828125 0.295767371875 0.4853515625 0.2996761921875 0.482421875 0.2931614921875 0.482421875 0.285343853125 0.4775390625 0.28143503281250004 0.4736328125 0.28404091249999996 0.4716796875 0.28925267187500003 0.4677734375 0.2866467921875 0.462890625 0.295767371875 0.4638671875 0.3100997125 0.4853515625 0.304887953125 0.4970703125 0.31531147187499997 0.501953125 0.3140085328125 0.505859375 0.30358501250000003 0.505859375 0.29837325312499996 0.5107421875 0.2970703125 0.513671875 0.2905556125
0 0.4853515625 0.27622327343749997 0.484375 0.2801320921875 0.48828125 0.285343853125 0.482421875 0.295767371875 0.4853515625 0.2996761921875 0.490234375 0.29837325312499996 0.4970703125 0.2970703125 0.498046875 0.2931614921875 0.490234375 0.2775262125 0.4853515625 0.27622327343749997
0 0.5400390625 0.2970703125 0.548828125 0.295767371875 0.55078125 0.2931614921875 0.5498046875 0.29185855312500003 0.5390625 0.2931614921875 0.5400390625 0.2970703125
0 0.5361328125 0.2449527140625 0.5283203125 0.2449527140625 0.521484375 0.2514674140625 0.51953125 0.2644968125 0.5263671875 0.27622327343749997 0.5302734375 0.27622327343749997 0.5322265625 0.278829153125 0.537109375 0.2775262125 0.546875 0.26710269375 0.548828125 0.259285053125 0.5439453125 0.25016447343750003 0.5361328125 0.2449527140625
0 0.5498046875 0.2684056328125 0.5458984375 0.2684056328125 0.5302734375 0.278829153125 0.5234375 0.28794973281249997 0.5302734375 0.2970703125 0.5341796875 0.2970703125 0.5361328125 0.2996761921875 0.544921875 0.29837325312499996 0.5498046875 0.2970703125 0.556640625 0.28794973281249997 0.556640625 0.2749203328125 0.5498046875 0.2684056328125
0 0.537109375 0.29837325312499996 0.5322265625 0.2944644328125 0.5283203125 0.2944644328125 0.5263671875 0.28404091249999996 0.5224609375 0.28925267187500003 0.5205078125 0.2866467921875 0.5146484375 0.2866467921875 0.5078125 0.3009791328125 0.509765625 0.3061908921875 0.5224609375 0.32052323125000004 0.52734375 0.321826171875 0.529296875 0.3192202921875 0.52734375 0.308796771875 0.5361328125 0.302282071875 0.537109375 0.29837325312499996
0 0.517578125 0.2514674140625 0.5068359375 0.2397409546875 0.5029296875 0.2397409546875 0.4990234375 0.24234683437500001 0.484375 0.2644968125 0.484375 0.272314453125 0.4951171875 0.2866467921875 0.4990234375 0.2866467921875 0.5009765625 0.28925267187500003 0.513671875 0.28794973281249997 0.521484375 0.2801320921875 0.521484375 0.2697085734375 0.517578125 0.2644968125 0.517578125 0.2514674140625
0 0.5341796875 0.211076275 0.5302734375 0.211076275 0.5185546875 0.20065275468750002 0.517578125 0.20977333437499998 0.5224609375 0.2084703953125 0.525390625 0.2149850953125 0.5244140625 0.2188939140625 0.5166015625 0.22149979531250003 0.5146484375 0.216288034375 0.5107421875 0.216288034375 0.5048828125 0.211076275 0.49609375 0.21759097500000002 0.49609375 0.22801449375 0.5 0.2332262546875 0.5009765625 0.2397409546875 0.5107421875 0.2397409546875 0.5126953125 0.2371350734375 0.5146484375 0.2397409546875 0.5234375 0.23843801406249998 0.533203125 0.2332262546875 0.537109375 0.222802734375 0.537109375 0.2149850953125 0.5341796875 0.211076275
0 0.5068359375 0.1824115953125 0.49609375 0.1941380546875 0.494140625 0.204561575 0.5048828125 0.2136821546875 0.51171875 0.2123792140625 0.5166015625 0.211076275 0.51953125 0.20716745468750003 0.51953125 0.191532175 0.5068359375 0.1824115953125
0 0.5400390625 0.2188939140625 0.53515625 0.22801449375 0.537109375 0.24104389375 0.5439453125 0.24755859375 0.556640625 0.24886153281249998 0.55859375 0.2436497734375 0.55859375 0.22801449375 0.5498046875 0.216288034375 0.5400390625 0.2188939140625
0 0.455078125 0.2618909328125 0.44921875 0.25407329375 0.447265625 0.24104389375 0.4443359375 0.2371350734375 0.4365234375 0.2371350734375 0.4326171875 0.23452919374999998 0.427734375 0.23843801406249998 0.427734375 0.2436497734375 0.42578125 0.24625565468750002 0.42578125 0.2697085734375 0.431640625 0.285343853125 0.431640625 0.29837325312499996 0.44921875 0.29837325312499996 0.455078125 0.2931614921875 0.453125 0.2905556125 0.455078125 0.285343853125 0.455078125 0.2618909328125
0 0.453125 0.321826171875 0.453125 0.3166144125 0.447265625 0.308796771875 0.447265625 0.3009791328125 0.4443359375 0.2970703125 0.4326171875 0.2970703125 0.431640625 0.3192202921875 0.43359375 0.321826171875 0.435546875 0.34267321093750003 0.4423828125 0.35439967031249997 0.451171875 0.35309673125 0.453125 0.3478849703125 0.451171875 0.3452790921875 0.44921875 0.32703793124999997 0.453125 0.321826171875
0 0.4443359375 0.2944644328125 0.443359375 0.30358501250000003 0.447265625 0.3140085328125 0.4501953125 0.3179173515625 0.45703125 0.3166144125 0.462890625 0.3061908921875 0.4609375 0.295767371875 0.4560546875 0.28925267187500003 0.4443359375 0.2944644328125
0 0.4892578125 0.2579821125 0.49609375 0.24625565468750002 0.49609375 0.23843801406249998 0.4931640625 0.23452919374999998 0.4853515625 0.22931743437500002 0.4814453125 0.22931743437500002 0.4697265625 0.2371350734375 0.4560546875 0.22931743437500002 0.447265625 0.235832134375 0.447265625 0.2514674140625 0.455078125 0.2644968125 0.453125 0.26710269375 0.453125 0.2775262125 0.455078125 0.2827379734375 0.4580078125 0.2866467921875 0.466796875 0.285343853125 0.4736328125 0.28404091249999996 0.484375 0.272314453125 0.484375 0.2618909328125 0.4892578125 0.2579821125
0 0.4521484375 0.19022923593750002 0.4443359375 0.19022923593750002 0.4365234375 0.1954409953125 0.4296875 0.204561575 0.431640625 0.2123792140625 0.4306640625 0.2136821546875 0.4287109375 0.211076275 0.423828125 0.21759097500000002 0.423828125 0.222802734375 0.421875 0.2254086140625 0.423828125 0.23843801406249998 0.4296875 0.23843801406249998 0.4462890625 0.2371350734375 0.455078125 0.22801449375 0.455078125 0.199349815625 0.4521484375 0.19022923593750002
0 0.4833984375 0.1824115953125 0.4794921875 0.1745939546875 0.4736328125 0.171988075 0.4619140625 0.179805715625 0.453125 0.191532175 0.453125 0.199349815625 0.455078125 0.2019556953125 0.455078125 0.2254086140625 0.4638671875 0.23192331406250002 0.4658203125 0.22931743437500002 0.4716796875 0.22931743437500002 0.4736328125 0.23192331406250002 0.478515625 0.230620375 0.48828125 0.222802734375 0.4921875 0.2123792140625 0.494140625 0.191532175 0.4833984375 0.1824115953125
0 0.5087890625 0.16156455625 0.4853515625 0.16156455625 0.46875 0.173291015625 0.4697265625 0.1771998359375 0.4755859375 0.1771998359375 0.4853515625 0.1824115953125 0.498046875 0.18110865468749998 0.505859375 0.178502775 0.505859375 0.1706851359375 0.51171875 0.16547337499999998 0.5087890625 0.16156455625
0 0.541015625 0.173291015625 0.5390625 0.1706851359375 0.541015625 0.16547337499999998 0.5361328125 0.16156455625 0.5263671875 0.16156455625 0.5244140625 0.1589586765625 0.5107421875 0.16156455625 0.5078125 0.16547337499999998 0.509765625 0.16807925625 0.5078125 0.18110865468749998 0.5126953125 0.18501747500000001 0.515625 0.1837145359375 0.5185546875 0.1771998359375 0.5224609375 0.179805715625 0.5361328125 0.179805715625 0.541015625 0.173291015625
0 0.5380859375 0.1824115953125 0.5302734375 0.1771998359375 0.525390625 0.1837145359375 0.525390625 0.1889262953125 0.53125 0.1941380546875 0.53515625 0.20716745468750003 0.5400390625 0.2136821546875 0.546875 0.2123792140625 0.548828125 0.20977333437499998 0.548828125 0.199349815625 0.546875 0.1941380546875 0.5380859375 0.1824115953125
0 0.5625 0.173291015625 0.560546875 0.16807925625 0.5625 0.16547337499999998 0.5595703125 0.16156455625 0.5478515625 0.16156455625 0.544921875 0.16547337499999998 0.544921875 0.1758968953125 0.546875 0.178502775 0.544921875 0.191532175 0.5517578125 0.198046875 0.5576171875 0.2084703953125 0.5625 0.20716745468750003 0.560546875 0.199349815625 0.5673828125 0.192835115625 0.572265625 0.1837145359375 0.5625 0.173291015625
0 0.2451171875 0.33355263125 0.23828125 0.3452790921875 0.23828125 0.358308490625 0.2431640625 0.37003495000000003 0.25390625 0.36873201093749997 0.26171875 0.3557026109375 0.26171875 0.3452790921875 0.2568359375 0.33355263125 0.2451171875 0.33355263125
0 0.283203125 0.35309673125 0.2802734375 0.3491879109375 0.2744140625 0.3491879109375 0.265625 0.3609143703125 0.267578125 0.3817614109375 0.2763671875 0.38827611093750003 0.28515625 0.3869731703125 0.2890625 0.3817614109375 0.2890625 0.37654964999999996 0.283203125 0.36352025 0.283203125 0.35309673125
0 0.236328125 0.3166144125 0.2314453125 0.3100997125 0.2275390625 0.3100997125 0.220703125 0.3166144125 0.220703125 0.34006733125 0.2275390625 0.351793790625 0.232421875 0.3504908515625 0.23828125 0.34006733125 0.23828125 0.3244320515625 0.236328125 0.321826171875 0.236328125 0.3166144125
0 0.2333984375 0.3179173515625 0.236328125 0.321826171875 0.2373046875 0.33094675156250003 0.2392578125 0.328340871875 0.2431640625 0.328340871875 0.24609375 0.321826171875 0.24609375 0.3114026515625 0.23828125 0.29837325312499996 0.2333984375 0.2944644328125 0.2265625 0.29837325312499996 0.2265625 0.308796771875 0.220703125 0.3192202921875 0.22265625 0.3322496921875 0.2265625 0.3322496921875 0.2265625 0.32703793124999997 0.224609375 0.3244320515625 0.2294921875 0.3179173515625 0.2333984375 0.3179173515625
0 0.2470703125 0.33094675156250003 0.23828125 0.3478849703125 0.240234375 0.3557026109375 0.2412109375 0.3570055515625 0.2451171875 0.351793790625 0.2490234375 0.351793790625 0.2509765625 0.35439967031249997 0.2548828125 0.351793790625 0.2587890625 0.3570055515625 0.259765625 0.3557026109375 0.265625 0.3452790921875 0.265625 0.33746145156249996 0.2587890625 0.33094675156250003 0.2470703125 0.33094675156250003
0 0.2509765625 0.27622327343749997 0.244140625 0.28794973281249997 0.2451171875 0.29185855312500003 0.248046875 0.2905556125 0.25 0.28794973281249997 0.25 0.2827379734375 0.25390625 0.2801320921875 0.2509765625 0.27622327343749997
0 0.2578125 0.33485557187500004 0.259765625 0.34267321093750003 0.2626953125 0.34658203125 0.265625 0.3452790921875 0.26953125 0.34267321093750003 0.26953125 0.3322496921875 0.2666015625 0.328340871875 0.2578125 0.33485557187500004
0 0.2685546875 0.27361739375 0.2646484375 0.2710115125 0.2607421875 0.27361739375 0.25390625 0.28794973281249997 0.2548828125 0.2944644328125 0.2626953125 0.28925267187500003 0.2724609375 0.28925267187500003 0.2763671875 0.2944644328125 0.27734375 0.2931614921875 0.27734375 0.2827379734375 0.2734375 0.2801320921875 0.2724609375 0.2710115125 0.2685546875 0.27361739375
0 0.271484375 0.321826171875 0.271484375 0.3061908921875 0.2685546875 0.302282071875 0.2626953125 0.3074938328125 0.2529296875 0.2970703125 0.24609375 0.30358501250000003 0.244140625 0.32964381249999997 0.2470703125 0.33355263125 0.25390625 0.3322496921875 0.2626953125 0.328340871875 0.2646484375 0.3231291125 0.2666015625 0.3257349921875 0.271484375 0.321826171875
0 0.34375 0.3557026109375 0.3369140625 0.3413702703125 0.3330078125 0.3413702703125 0.3251953125 0.35439967031249997 0.3193359375 0.35439967031249997 0.310546875 0.36873201093749997 0.3134765625 0.377852590625 0.3173828125 0.3804584703125 0.3203125 0.3791555296875 0.3251953125 0.3752467109375 0.3330078125 0.3752467109375 0.341796875 0.36612613125000004 0.34375 0.3557026109375
0 0.31640625 0.36352025 0.3212890625 0.35961143125 0.322265625 0.3557026109375 0.3115234375 0.34658203125 0.3017578125 0.3439761515625 0.2939453125 0.3491879109375 0.2890625 0.3557026109375 0.2890625 0.36352025 0.2958984375 0.3752467109375 0.3037109375 0.377852590625 0.3115234375 0.3726408296875 0.3154296875 0.377852590625 0.322265625 0.37654964999999996 0.3212890625 0.37003495000000003 0.3193359375 0.3726408296875 0.31640625 0.371337890625 0.31640625 0.36352025
0 0.29296875 0.3166144125 0.29296875 0.3009791328125 0.2880859375 0.29185855312500003 0.2783203125 0.29185855312500003 0.26953125 0.3061908921875 0.26953125 0.3166144125 0.271484375 0.3192202921875 0.2685546875 0.3231291125 0.2646484375 0.3231291125 0.263671875 0.32964381249999997 0.2705078125 0.3439761515625 0.2802734375 0.3491879109375 0.287109375 0.3478849703125 0.2890625 0.3452790921875 0.2890625 0.3322496921875 0.287109375 0.32964381249999997 0.29296875 0.3166144125
0 0.3203125 0.30358501250000003 0.3154296875 0.29185855312500003 0.3076171875 0.2944644328125 0.3046875 0.29837325312499996 0.3046875 0.3061908921875 0.3017578125 0.3100997125 0.2958984375 0.3100997125 0.2890625 0.3244320515625 0.291015625 0.3452790921875 0.302734375 0.3452790921875 0.3134765625 0.3387643921875 0.3203125 0.32703793124999997 0.318359375 0.321826171875 0.3203125 0.30358501250000003
0 0.349609375 0.3061908921875 0.341796875 0.29837325312499996 0.33984375 0.28794973281249997 0.3349609375 0.28143503281250004 0.3291015625 0.28143503281250004 0.32421875 0.28794973281249997 0.32421875 0.2931614921875 0.3203125 0.29837325312499996 0.322265625 0.3114026515625 0.318359375 0.3192202921875 0.3232421875 0.328340871875 0.3330078125 0.328340871875 0.333984375 0.3244320515625 0.3388671875 0.32052323125000004 0.33984375 0.32703793124999997 0.3369140625 0.328340871875 0.3359375 0.3322496921875 0.34375 0.3322496921875 0.349609375 0.32703793124999997 0.3515625 0.321826171875 0.3515625 0.3114026515625 0.349609375 0.3061908921875
0 0.3466796875 0.3127055921875 0.3427734375 0.3074938328125 0.333984375 0.321826171875 0.333984375 0.32703793124999997 0.337890625 0.3322496921875 0.337890625 0.34267321093750003 0.341796875 0.3504908515625 0.341796875 0.3557026109375 0.3515625 0.3557026109375 0.357421875 0.34006733125 0.357421875 0.321826171875 0.3505859375 0.3100997125 0.3466796875 0.3127055921875
0 0.369140625 0.2775262125 0.369140625 0.2644968125 0.3623046875 0.25016447343750003 0.3603515625 0.25277035468750003 0.3447265625 0.25016447343750003 0.337890625 0.259285053125 0.33984375 0.2644968125 0.337890625 0.26710269375 0.33984375 0.2697085734375 0.33984375 0.2749203328125 0.333984375 0.2801320921875 0.337890625 0.28794973281249997 0.3359375 0.295767371875 0.3408203125 0.2996761921875 0.3515625 0.29837325312499996 0.3583984375 0.28925267187500003 0.3623046875 0.2866467921875 0.3642578125 0.28925267187500003 0.369140625 0.2775262125
0 0.279296875 0.272314453125 0.283203125 0.2827379734375 0.2900390625 0.29185855312500003 0.296875 0.2905556125 0.30078125 0.272314453125 0.2919921875 0.26058799375 0.2861328125 0.26058799375 0.279296875 0.272314453125
0 0.330078125 0.26710269375 0.3271484375 0.2631938734375 0.3076171875 0.2631938734375 0.30078125 0.2697085734375 0.30078125 0.2827379734375 0.3056640625 0.28925267187500003 0.3095703125 0.2866467921875 0.3134765625 0.28925267187500003 0.31640625 0.28794973281249997 0.3193359375 0.28404091249999996 0.3232421875 0.28404091249999996 0.328125 0.2775262125 0.330078125 0.26710269375
0 0.2392578125 0.2553762328125 0.2353515625 0.26058799375 0.2333984375 0.2579821125 0.2255859375 0.2579821125 0.21875 0.272314453125 0.21875 0.285343853125 0.220703125 0.2905556125 0.2294921875 0.2970703125 0.240234375 0.295767371875 0.25 0.2749203328125 0.25 0.2644968125 0.2431640625 0.2553762328125 0.2392578125 0.2553762328125
0 0.2197265625 0.29185855312500003 0.216796875 0.295767371875 0.21875 0.3140085328125 0.2216796875 0.3179173515625 0.22265625 0.3166144125 0.2275390625 0.3127055921875 0.232421875 0.30358501250000003 0.2255859375 0.29185855312500003 0.2197265625 0.29185855312500003
0 0.2421875 0.22801449375 0.2421875 0.2201968546875 0.23828125 0.2123792140625 0.2421875 0.20716745468750003 0.2431640625 0.20065275468750002 0.2392578125 0.20065275468750002 0.232421875 0.20716745468750003 0.232421875 0.21759097500000002 0.228515625 0.222802734375 0.2265625 0.235832134375 0.220703125 0.24886153281249998 0.220703125 0.2618909328125 0.2236328125 0.265799753125 0.224609375 0.2644968125 0.2314453125 0.2631938734375 0.23828125 0.2514674140625 0.240234375 0.230620375 0.2421875 0.22801449375
0 0.2587890625 0.216288034375 0.2490234375 0.216288034375 0.2421875 0.22801449375 0.2421875 0.24104389375 0.2509765625 0.25016447343750003 0.2578125 0.24886153281249998 0.2666015625 0.24234683437500001 0.26953125 0.2332262546875 0.2626953125 0.2188939140625 0.2587890625 0.216288034375
0 0.2705078125 0.1771998359375 0.2646484375 0.1771998359375 0.2509765625 0.18501747500000001 0.236328125 0.2019556953125 0.2373046875 0.2084703953125 0.2451171875 0.2084703953125 0.2470703125 0.211076275 0.2578125 0.20977333437499998 0.255859375 0.20716745468750003 0.2626953125 0.20325863437499997 0.271484375 0.1889262953125 0.2705078125 0.1771998359375
0 0.2822265625 0.22410567499999998 0.2802734375 0.2188939140625 0.279296875 0.2201968546875 0.279296875 0.2254086140625 0.2822265625 0.22931743437500002 0.291015625 0.22801449375 0.29296875 0.2254086140625 0.2919921875 0.22410567499999998 0.2861328125 0.22671155468749998 0.2822265625 0.22410567499999998
0 0.296875 0.191532175 0.2880859375 0.1824115953125 0.2763671875 0.1824115953125 0.2724609375 0.18501747500000001 0.26953125 0.191532175 0.26953125 0.2019556953125 0.2734375 0.20977333437499998 0.2783203125 0.2136821546875 0.2919921875 0.216288034375 0.2939453125 0.22149979531250003 0.296875 0.2201968546875 0.296875 0.2123792140625 0.30078125 0.204561575 0.30078125 0.199349815625 0.296875 0.191532175
0 0.2724609375 0.216288034375 0.2509765625 0.216288034375 0.248046875 0.2201968546875 0.248046875 0.2254086140625 0.25 0.22801449375 0.25 0.24625565468750002 0.263671875 0.24625565468750002 0.275390625 0.24104389375 0.279296875 0.230620375 0.27734375 0.2201968546875 0.2724609375 0.216288034375
0 0.26171875 0.204561575 0.26171875 0.20977333437499998 0.2646484375 0.2136821546875 0.26953125 0.2149850953125 0.271484375 0.2123792140625 0.271484375 0.2019556953125 0.2666015625 0.198046875 0.26171875 0.204561575
0 0.296875 0.1941380546875 0.296875 0.18632041562499999 0.2939453125 0.1824115953125 0.2802734375 0.179805715625 0.271484375 0.18632041562499999 0.26953125 0.191532175 0.26953125 0.2019556953125 0.2763671875 0.211076275 0.28125 0.20977333437499998 0.2822265625 0.2058645140625 0.2900390625 0.2058645140625 0.298828125 0.19674393437499998 0.296875 0.1941380546875
0 0.3115234375 0.1876233546875 0.3037109375 0.1876233546875 0.298828125 0.1941380546875 0.30078125 0.204561575 0.294921875 0.2149850953125 0.2998046875 0.22410567499999998 0.306640625 0.222802734375 0.3203125 0.2123792140625 0.314453125 0.19674393437499998 0.314453125 0.191532175 0.3115234375 0.1876233546875
0 0.3291015625 0.1954409953125 0.3212890625 0.18501747500000001 0.3134765625 0.18501747500000001 0.3046875 0.1941380546875 0.3046875 0.2019556953125 0.3115234375 0.211076275 0.3193359375 0.216288034375 0.3291015625 0.23192331406250002 0.337890625 0.2332262546875 0.33984375 0.230620375 0.34375 0.20977333437499998 0.3349609375 0.198046875 0.3291015625 0.1954409953125
0 0.333984375 0.23843801406249998 0.333984375 0.24886153281249998 0.330078125 0.2566791734375 0.3310546875 0.26058799375 0.3359375 0.259285053125 0.3388671875 0.2579821125 0.345703125 0.24625565468750002 0.3388671875 0.23452919374999998 0.333984375 0.23843801406249998