0 0.23046875 0.358308490625 0.23046875 0.34267321093750003 0.2275390625 0.3361585125 0.2216796875 0.3361585125 0.2177734375 0.3413702703125 0.2138671875 0.3413702703125 0.205078125 0.3478849703125 0.203125 0.35309673125 0.205078125 0.3609143703125 0.2080078125 0.364823190625 0.216796875 0.36352025 0.2216796875 0.35961143125 0.2255859375 0.35961143125 0.2275390625 0.3622173109375 0.23046875 0.358308490625
0 0.240234375 0.371337890625 0.2373046875 0.3674290703125 0.2314453125 0.3674290703125 0.2255859375 0.35961143125 0.2216796875 0.35961143125 0.216796875 0.36612613125000004 0.216796875 0.37394377031250003 0.22265625 0.3791555296875 0.21875 0.384367290625 0.21875 0.38957905 0.2255859375 0.4039113890625 0.234375 0.40260844999999995 0.236328125 0.40000257031249997 0.236328125 0.38957905 0.240234375 0.3817614109375 0.240234375 0.371337890625
0 0.2412109375 0.377852590625 0.23828125 0.3817614109375 0.236328125 0.40521432968750004 0.2392578125 0.40912315 0.248046875 0.40782020937499996 0.25390625 0.40000257031249997 0.25390625 0.384367290625 0.2490234375 0.377852590625 0.2412109375 0.377852590625
0 0.2265625 0.40260844999999995 0.2197265625 0.390881990625 0.2177734375 0.3934878703125 0.2138671875 0.3934878703125 0.208984375 0.40000257031249997 0.208984375 0.41042608906250005 0.205078125 0.41563785 0.205078125 0.42606136875 0.2099609375 0.43257606875 0.2138671875 0.4351819484375 0.216796875 0.433879009375 0.220703125 0.42606136875 0.220703125 0.420849609375 0.2265625 0.4130319703125 0.2265625 0.40260844999999995
0 0.2099609375 0.4377878296875 0.203125 0.4495142890625 0.203125 0.45993780781250004 0.2060546875 0.46384662812500005 0.2119140625 0.46384662812500005 0.2177734375 0.45863486875000004 0.2236328125 0.46645250781250003 0.2265625 0.46514956874999996 0.23046875 0.4625436875 0.232421875 0.4495142890625 0.2197265625 0.4351819484375 0.2099609375 0.4377878296875
0 0.2412109375 0.4560289875 0.255859375 0.43909076875 0.255859375 0.433879009375 0.2509765625 0.427364309375 0.2392578125 0.4299701890625 0.2333984375 0.42215255 0.2275390625 0.42215255 0.22265625 0.42606136875 0.22265625 0.4312731296875 0.220703125 0.433879009375 0.22265625 0.44430252968749995 0.216796875 0.45472604843750003 0.2216796875 0.46384662812500005 0.23046875 0.4625436875 0.23046875 0.457331928125 0.2333984375 0.4534231078125 0.2353515625 0.4560289875 0.2412109375 0.4560289875
0 0.4765625 0.3609143703125 0.4677734375 0.351793790625 0.4599609375 0.351793790625 0.45703125 0.3557026109375 0.45703125 0.36873201093749997 0.453125 0.37394377031250003 0.453125 0.384367290625 0.4560546875 0.38827611093750003 0.46484375 0.3869731703125 0.46875 0.3817614109375 0.46875 0.371337890625 0.4736328125 0.3674290703125 0.4765625 0.3609143703125
0 0.509765625 0.37394377031250003 0.5048828125 0.37003495000000003 0.5009765625 0.37003495000000003 0.4931640625 0.377852590625 0.4892578125 0.377852590625 0.4853515625 0.37003495000000003 0.4794921875 0.37003495000000003 0.4765625 0.37394377031250003 0.4765625 0.3817614109375 0.482421875 0.3869731703125 0.482421875 0.3921849296875 0.4873046875 0.40130550937500004 0.494140625 0.40000257031249997 0.4970703125 0.3934878703125 0.5068359375 0.3934878703125 0.51171875 0.3869731703125 0.509765625 0.37394377031250003
0 0.4951171875 0.3986996296875 0.4853515625 0.40912315 0.4833984375 0.40912315 0.4814453125 0.4039113890625 0.4736328125 0.4039113890625 0.470703125 0.40782020937499996 0.470703125 0.41563785 0.4765625 0.42345548906249997 0.478515625 0.4312731296875 0.48828125 0.4312731296875 0.4970703125 0.4247584296875 0.501953125 0.41563785 0.501953125 0.40521432968750004 0.4951171875 0.3986996296875
0 0.7158203125 0.41172902968749997 0.708984375 0.42606136875 0.708984375 0.433879009375 0.7119140625 0.4377878296875 0.720703125 0.4364848890625 0.728515625 0.42606136875 0.728515625 0.41563785 0.7236328125 0.40912315 0.7158203125 0.41172902968749997
0 0.7451171875 0.4169407890625 0.7373046875 0.4169407890625 0.734375 0.420849609375 0.728515625 0.4364848890625 0.728515625 0.4416966484375 0.7333984375 0.4482113484375 0.736328125 0.4469084078125 0.751953125 0.433879009375 0.751953125 0.42345548906249997 0.7490234375 0.4195466703125 0.7451171875 0.4169407890625
0 0.7724609375 0.4560289875 0.775390625 0.45212016874999994 0.775390625 0.43909076875 0.7724609375 0.4351819484375 0.7626953125 0.4351819484375 0.7568359375 0.4299701890625 0.7529296875 0.4299701890625 0.73828125 0.45212016874999994 0.73828125 0.457331928125 0.7451171875 0.46645250781250003 0.75 0.46514956874999996 0.7568359375 0.46124074843749996 0.7626953125 0.4534231078125 0.7646484375 0.4560289875 0.7724609375 0.4560289875