0 0.240234375 0.3322496921875 0.2421875 0.32964381249999997 0.240234375 0.3166144125 0.2314453125 0.3074938328125 0.2236328125 0.3100997125 0.21875 0.3166144125 0.212890625 0.33485557187500004 0.208984375 0.34006733125 0.208984375 0.3478849703125 0.2138671875 0.35439967031249997 0.2177734375 0.3570055515625 0.2265625 0.3557026109375 0.2333984375 0.35439967031249997 0.23828125 0.3504908515625 0.240234375 0.3452790921875 0.240234375 0.3322496921875
0 0.259765625 0.371337890625 0.259765625 0.36352025 0.2509765625 0.35439967031249997 0.2470703125 0.35439967031249997 0.2451171875 0.3570055515625 0.2353515625 0.35439967031249997 0.2333984375 0.3570055515625 0.2275390625 0.3570055515625 0.22265625 0.36352025 0.22265625 0.3791555296875 0.220703125 0.3817614109375 0.220703125 0.3869731703125 0.224609375 0.397396690625 0.2294921875 0.40130550937500004 0.23828125 0.40000257031249997 0.244140625 0.394790809375 0.24609375 0.384367290625 0.2548828125 0.3804584703125 0.259765625 0.371337890625
0 0.2724609375 0.39609375 0.2587890625 0.39609375 0.251953125 0.40260844999999995 0.248046875 0.4130319703125 0.244140625 0.41563785 0.2421875 0.42345548906249997 0.2451171875 0.427364309375 0.2529296875 0.427364309375 0.2568359375 0.43257606875 0.267578125 0.4312731296875 0.279296875 0.4182437296875 0.279296875 0.40521432968750004 0.27734375 0.40000257031249997 0.2724609375 0.39609375
0 0.265625 0.4416966484375 0.2509765625 0.427364309375 0.2431640625 0.427364309375 0.23828125 0.433879009375 0.240234375 0.45472604843750003 0.2490234375 0.46645250781250003 0.26171875 0.46514956874999996 0.265625 0.45993780781250004 0.265625 0.45472604843750003 0.267578125 0.45212016874999994 0.265625 0.4416966484375
0 0.2275390625 0.4299701890625 0.220703125 0.43909076875 0.22265625 0.45472604843750003 0.2294921875 0.46124074843749996 0.23828125 0.45993780781250004 0.240234375 0.45472604843750003 0.240234375 0.4416966484375 0.2333984375 0.4299701890625 0.2275390625 0.4299701890625
0 0.50390625 0.3192202921875 0.5 0.3140085328125 0.498046875 0.3009791328125 0.4912109375 0.28925267187500003 0.4833984375 0.28404091249999996 0.4736328125 0.28404091249999996 0.466796875 0.295767371875 0.466796875 0.30358501250000003 0.470703125 0.3140085328125 0.46484375 0.321826171875 0.462890625 0.33485557187500004 0.4716796875 0.3491879109375 0.484375 0.3478849703125 0.4912109375 0.3413702703125 0.5009765625 0.3413702703125 0.50390625 0.33746145156249996 0.50390625 0.3192202921875
0 0.525390625 0.3061908921875 0.529296875 0.29837325312499996 0.529296875 0.285343853125 0.52734375 0.2801320921875 0.5185546875 0.2710115125 0.5087890625 0.2710115125 0.5048828125 0.27361739375 0.498046875 0.285343853125 0.494140625 0.3114026515625 0.4990234375 0.3179173515625 0.5068359375 0.3231291125 0.5166015625 0.3361585125 0.5205078125 0.3387643921875 0.533203125 0.33746145156249996 0.537109375 0.3322496921875 0.537109375 0.3192202921875 0.5322265625 0.3100997125 0.525390625 0.3061908921875
0 0.51953125 0.358308490625 0.517578125 0.3478849703125 0.5107421875 0.3387643921875 0.5029296875 0.3387643921875 0.498046875 0.3452790921875 0.4951171875 0.3570055515625 0.4833984375 0.3570055515625 0.4794921875 0.35961143125 0.474609375 0.36873201093749997 0.474609375 0.384367290625 0.4765625 0.38957905 0.4853515625 0.39609375 0.4921875 0.394790809375 0.5048828125 0.390881990625 0.51953125 0.36612613125000004 0.517578125 0.36352025 0.51953125 0.358308490625
0 0.5390625 0.3921849296875 0.537109375 0.3869731703125 0.5439453125 0.38306435 0.552734375 0.371337890625 0.552734375 0.35309673125 0.5458984375 0.34658203125 0.5341796875 0.34658203125 0.52734375 0.3557026109375 0.525390625 0.36352025 0.5224609375 0.3674290703125 0.5185546875 0.3674290703125 0.51171875 0.37654964999999996 0.51171875 0.384367290625 0.5078125 0.3921849296875 0.5078125 0.40260844999999995 0.5166015625 0.4169407890625 0.5205078125 0.4195466703125 0.533203125 0.4182437296875 0.537109375 0.4130319703125 0.537109375 0.40782020937499996 0.5390625 0.40521432968750004 0.5390625 0.3921849296875
0 0.72265625 0.36873201093749997 0.720703125 0.36612613125000004 0.72265625 0.36352025 0.720703125 0.3609143703125 0.720703125 0.3504908515625 0.71875 0.3452790921875 0.7138671875 0.3387643921875 0.7080078125 0.3387643921875 0.7041015625 0.3413702703125 0.69921875 0.3504908515625 0.69921875 0.36612613125000004 0.6875 0.3791555296875 0.6875 0.384367290625 0.685546875 0.3869731703125 0.6875 0.397396690625 0.6962890625 0.40912315 0.7099609375 0.40912315 0.7138671875 0.4039113890625 0.7177734375 0.4039113890625 0.7236328125 0.40912315 0.728515625 0.40782020937499996 0.732421875 0.40260844999999995 0.734375 0.3921849296875 0.72265625 0.37394377031250003 0.72265625 0.36873201093749997
0 0.7724609375 0.3856702296875 0.77734375 0.3791555296875 0.77734375 0.36352025 0.7705078125 0.35439967031249997 0.7607421875 0.35439967031249997 0.7578125 0.3504908515625 0.759765625 0.3452790921875 0.7578125 0.33485557187500004 0.7529296875 0.33355263125 0.7470703125 0.3231291125 0.7392578125 0.3179173515625 0.7314453125 0.3179173515625 0.72265625 0.32703793124999997 0.72265625 0.34006733125 0.724609375 0.3452790921875 0.734375 0.3557026109375 0.728515625 0.36873201093749997 0.728515625 0.3817614109375 0.7333984375 0.390881990625 0.7392578125 0.390881990625 0.7412109375 0.3934878703125 0.74609375 0.3921849296875 0.7548828125 0.38306435 0.7587890625 0.38306435 0.7607421875 0.3856702296875 0.7724609375 0.3856702296875
0 0.806640625 0.3244320515625 0.806640625 0.3166144125 0.8017578125 0.3074938328125 0.7939453125 0.302282071875 0.787109375 0.3009791328125 0.791015625 0.2801320921875 0.7890625 0.2749203328125 0.7802734375 0.265799753125 0.7724609375 0.265799753125 0.7470703125 0.28143503281250004 0.7392578125 0.28143503281250004 0.732421875 0.2905556125 0.732421875 0.3061908921875 0.734375 0.3114026515625 0.7373046875 0.31531147187499997 0.7490234375 0.3179173515625 0.7529296875 0.3127055921875 0.7587890625 0.3100997125 0.759765625 0.3192202921875 0.7578125 0.321826171875 0.7578125 0.33485557187500004 0.759765625 0.34006733125 0.7646484375 0.3439761515625 0.771484375 0.34267321093750003 0.7783203125 0.3361585125 0.7880859375 0.3413702703125 0.7978515625 0.3387643921875 0.806640625 0.3244320515625