0 0.25390625 0.3609143703125 0.2529296875 0.35439967031249997 0.2470703125 0.35439967031249997 0.2421875 0.3609143703125 0.240234375 0.37654964999999996 0.23828125 0.3791555296875 0.23828125 0.3921849296875 0.2412109375 0.39609375 0.248046875 0.394790809375 0.251953125 0.38957905 0.251953125 0.384367290625 0.26171875 0.37394377031250003 0.25390625 0.3609143703125
0 0.2890625 0.34006733125 0.2861328125 0.3361585125 0.2802734375 0.3361585125 0.275390625 0.34267321093750003 0.2744140625 0.3491879109375 0.2705078125 0.351793790625 0.2626953125 0.351793790625 0.259765625 0.358308490625 0.259765625 0.36612613125000004 0.2626953125 0.3726408296875 0.2666015625 0.3726408296875 0.2685546875 0.3752467109375 0.279296875 0.37394377031250003 0.28125 0.371337890625 0.28125 0.3609143703125 0.2890625 0.3504908515625 0.2890625 0.34006733125
0 0.34375 0.384367290625 0.34375 0.37394377031250003 0.3388671875 0.37003495000000003 0.3310546875 0.37003495000000003 0.3271484375 0.364823190625 0.3193359375 0.364823190625 0.31640625 0.36873201093749997 0.31640625 0.3791555296875 0.32421875 0.3869731703125 0.32421875 0.40782020937499996 0.3271484375 0.41433490937500006 0.3310546875 0.4169407890625 0.333984375 0.41563785 0.33984375 0.41042608906250005 0.33984375 0.397396690625 0.337890625 0.3921849296875 0.34375 0.384367290625
0 0.314453125 0.37394377031250003 0.3046875 0.36612613125000004 0.3046875 0.3504908515625 0.3017578125 0.34658203125 0.2939453125 0.34658203125 0.2890625 0.35309673125 0.2890625 0.36352025 0.29296875 0.37654964999999996 0.28515625 0.3869731703125 0.2900390625 0.3986996296875 0.296875 0.397396690625 0.3017578125 0.38827611093750003 0.3095703125 0.38827611093750003 0.314453125 0.3817614109375 0.314453125 0.37394377031250003
0 0.3291015625 0.3934878703125 0.32421875 0.40260844999999995 0.326171875 0.41042608906250005 0.328125 0.41042608906250005 0.328125 0.40521432968750004 0.33203125 0.40000257031249997 0.3330078125 0.3934878703125 0.3291015625 0.3934878703125
0 0.3115234375 0.3856702296875 0.302734375 0.40000257031249997 0.306640625 0.4182437296875 0.3095703125 0.42215255 0.314453125 0.420849609375 0.3203125 0.40521432968750004 0.32421875 0.40000257031249997 0.3193359375 0.3856702296875 0.3115234375 0.3856702296875
0 0.3046875 0.420849609375 0.298828125 0.4130319703125 0.296875 0.40521432968750004 0.2900390625 0.3986996296875 0.2841796875 0.3986996296875 0.279296875 0.40521432968750004 0.279296875 0.420849609375 0.271484375 0.433879009375 0.271484375 0.4416966484375 0.2763671875 0.4482113484375 0.28515625 0.4469084078125 0.2919921875 0.43257606875 0.2998046875 0.43257606875 0.3046875 0.42606136875 0.3046875 0.420849609375
0 0.33203125 0.4364848890625 0.3271484375 0.4299701890625 0.3193359375 0.4299701890625 0.3154296875 0.4247584296875 0.3076171875 0.4247584296875 0.3046875 0.42866725 0.3046875 0.43909076875 0.310546875 0.4495142890625 0.3046875 0.4625436875 0.3046875 0.46775544843750005 0.3095703125 0.4742701484375 0.31640625 0.47296720781249996 0.3203125 0.46775544843750005 0.322265625 0.457331928125 0.33203125 0.4469084078125 0.33203125 0.4364848890625
0 0.3017578125 0.487299546875 0.306640625 0.48078484843749997 0.306640625 0.470361328125 0.3037109375 0.46645250781250003 0.2958984375 0.46645250781250003 0.29296875 0.457331928125 0.2861328125 0.45081722968750004 0.27734375 0.45993780781250004 0.27734375 0.470361328125 0.271484375 0.47557308750000005 0.271484375 0.4859966078125 0.2744140625 0.489905428125 0.283203125 0.4886024875 0.2861328125 0.4820877875 0.2919921875 0.4820877875 0.2958984375 0.487299546875 0.3017578125 0.487299546875
0 0.27734375 0.45212016874999994 0.2744140625 0.4482113484375 0.2666015625 0.4482113484375 0.2626953125 0.45081722968750004 0.259765625 0.4416966484375 0.2568359375 0.4377878296875 0.2529296875 0.4377878296875 0.248046875 0.4416966484375 0.248046875 0.45472604843750003 0.251953125 0.4625436875 0.251953125 0.46775544843750005 0.2587890625 0.4794819078125 0.265625 0.47817896718749997 0.2685546875 0.47687602812499996 0.271484375 0.46775544843750005 0.27734375 0.4625436875 0.27734375 0.45212016874999994
0 0.251953125 0.40782020937499996 0.2470703125 0.40130550937500004 0.2431640625 0.40130550937500004 0.23828125 0.40782020937499996 0.23828125 0.41563785 0.240234375 0.4182437296875 0.232421875 0.42606136875 0.232421875 0.4312731296875 0.2412109375 0.4377878296875 0.248046875 0.4364848890625 0.25 0.433879009375 0.248046875 0.420849609375 0.251953125 0.41563785 0.251953125 0.40782020937499996
0 0.25390625 0.40521432968750004 0.25390625 0.4312731296875 0.2568359375 0.4351819484375 0.26171875 0.433879009375 0.2734375 0.4130319703125 0.2646484375 0.40130550937500004 0.2568359375 0.40130550937500004 0.25390625 0.40521432968750004
0 0.2646484375 0.377852590625 0.26171875 0.3817614109375 0.26171875 0.38957905 0.2666015625 0.3986996296875 0.2705078125 0.40130550937500004 0.28125 0.40000257031249997 0.283203125 0.397396690625 0.283203125 0.3869731703125 0.2763671875 0.377852590625 0.2646484375 0.377852590625
0 0.5087890625 0.351793790625 0.501953125 0.36352025 0.501953125 0.37394377031250003 0.5068359375 0.3804584703125 0.515625 0.3791555296875 0.525390625 0.36873201093749997 0.525390625 0.358308490625 0.5224609375 0.35439967031249997 0.5087890625 0.351793790625
0 0.572265625 0.35309673125 0.5673828125 0.3491879109375 0.5498046875 0.351793790625 0.54296875 0.3609143703125 0.54296875 0.36612613125000004 0.552734375 0.37654964999999996 0.552734375 0.384367290625 0.5576171875 0.3934878703125 0.564453125 0.3921849296875 0.568359375 0.3869731703125 0.56640625 0.36873201093749997 0.572265625 0.36352025 0.572265625 0.35309673125
0 0.54296875 0.371337890625 0.5380859375 0.364823190625 0.5302734375 0.364823190625 0.5263671875 0.3674290703125 0.5234375 0.371337890625 0.5234375 0.3791555296875 0.51953125 0.384367290625 0.51953125 0.3921849296875 0.5224609375 0.39609375 0.5302734375 0.39609375 0.533203125 0.40000257031249997 0.533203125 0.40521432968750004 0.5380859375 0.41172902968749997 0.546875 0.41042608906250005 0.55078125 0.40521432968750004 0.55078125 0.40000257031249997 0.541015625 0.384367290625 0.54296875 0.371337890625
0 0.591796875 0.4130319703125 0.5888671875 0.40912315 0.5810546875 0.40912315 0.5751953125 0.39609375 0.5654296875 0.39609375 0.560546875 0.40521432968750004 0.560546875 0.41042608906250005 0.564453125 0.4182437296875 0.57421875 0.42866725 0.57421875 0.4364848890625 0.5771484375 0.440393709375 0.583984375 0.43909076875 0.5859375 0.4364848890625 0.5859375 0.4312731296875 0.591796875 0.42345548906249997 0.591796875 0.4130319703125
0 0.57421875 0.433879009375 0.5693359375 0.43257606875 0.56640625 0.42866725 0.56640625 0.420849609375 0.564453125 0.4182437296875 0.5703125 0.41563785 0.568359375 0.41042608906250005 0.5693359375 0.3986996296875 0.564453125 0.40000257031249997 0.5615234375 0.41433490937500006 0.5576171875 0.41172902968749997 0.552734375 0.41563785 0.552734375 0.4416966484375 0.55859375 0.4469084078125 0.552734375 0.45993780781250004 0.552734375 0.46775544843750005 0.5576171875 0.4742701484375 0.5625 0.47296720781249996 0.568359375 0.4625436875 0.568359375 0.45472604843750003 0.576171875 0.4469084078125 0.57421875 0.433879009375
0 0.5390625 0.41563785 0.5361328125 0.40912315 0.5263671875 0.40912315 0.5205078125 0.42215255 0.5146484375 0.42215255 0.505859375 0.4312731296875 0.5078125 0.43909076875 0.5126953125 0.44560546875 0.5244140625 0.44560546875 0.5302734375 0.440393709375 0.5380859375 0.45081722968750004 0.54296875 0.4495142890625 0.548828125 0.44430252968749995 0.548828125 0.433879009375 0.5390625 0.42606136875 0.5390625 0.41563785
0 0.5361328125 0.47687602812499996 0.546875 0.4625436875 0.546875 0.457331928125 0.5419921875 0.45081722968750004 0.5322265625 0.4534231078125 0.5263671875 0.4482113484375 0.5205078125 0.4482113484375 0.515625 0.45472604843750003 0.515625 0.4625436875 0.51953125 0.46775544843750005 0.517578125 0.47817896718749997 0.5234375 0.47817896718749997 0.52734375 0.47557308750000005 0.5283203125 0.46905838749999995 0.5341796875 0.47166426875 0.5361328125 0.47687602812499996
0 0.54296875 0.483390728125 0.5380859375 0.47687602812499996 0.5244140625 0.47687602812499996 0.517578125 0.483390728125 0.515625 0.496420128125 0.5205078125 0.502934828125 0.52734375 0.5016318875 0.5322265625 0.4951171875 0.5361328125 0.4977230671875 0.54296875 0.4912083671875 0.54296875 0.483390728125
0 0.7900390625 0.3439761515625 0.7861328125 0.3439761515625 0.7822265625 0.3491879109375 0.7783203125 0.3491879109375 0.771484375 0.3609143703125 0.7744140625 0.37003495000000003 0.787109375 0.371337890625 0.791015625 0.36873201093749997 0.794921875 0.3557026109375 0.794921875 0.3504908515625 0.7900390625 0.3439761515625
0 0.82421875 0.3504908515625 0.8134765625 0.3439761515625 0.8076171875 0.3439761515625 0.802734375 0.3504908515625 0.802734375 0.358308490625 0.80859375 0.36612613125000004 0.80859375 0.3791555296875 0.8134765625 0.38827611093750003 0.8203125 0.3869731703125 0.82421875 0.3817614109375 0.82421875 0.36873201093749997 0.822265625 0.36612613125000004 0.82421875 0.3504908515625
0 0.7841796875 0.41172902968749997 0.7900390625 0.41172902968749997 0.794921875 0.40521432968750004 0.794921875 0.397396690625 0.7880859375 0.390881990625 0.7841796875 0.390881990625 0.78125 0.3791555296875 0.7763671875 0.3726408296875 0.7685546875 0.3726408296875 0.765625 0.37654964999999996 0.763671875 0.3817614109375 0.765625 0.38957905 0.7607421875 0.3934878703125 0.7578125 0.40000257031249997 0.7578125 0.40782020937499996 0.7626953125 0.41433490937500006 0.767578125 0.4130319703125 0.7705078125 0.41172902968749997 0.7744140625 0.4039113890625 0.7802734375 0.40651727031249996 0.7841796875 0.41172902968749997
0 0.787109375 0.4364848890625 0.7822265625 0.4299701890625 0.7744140625 0.4299701890625 0.771484375 0.420849609375 0.7666015625 0.41433490937500006 0.7607421875 0.41433490937500006 0.7578125 0.4182437296875 0.755859375 0.42345548906249997 0.7578125 0.433879009375 0.75 0.4416966484375 0.75 0.4495142890625 0.7568359375 0.45863486875000004 0.76171875 0.457331928125 0.7666015625 0.4482113484375 0.7802734375 0.45081722968750004 0.787109375 0.44430252968749995 0.787109375 0.4364848890625
0 0.791015625 0.47296720781249996 0.7880859375 0.46905838749999995 0.7783203125 0.47166426875 0.7666015625 0.45863486875000004 0.7568359375 0.45863486875000004 0.75390625 0.46514956874999996 0.75390625 0.470361328125 0.765625 0.483390728125 0.765625 0.493814246875 0.7705078125 0.5003289468750001 0.775390625 0.4990260078125 0.7802734375 0.489905428125 0.7861328125 0.489905428125 0.791015625 0.483390728125 0.791015625 0.47296720781249996
0 0.8134765625 0.46645250781250003 0.8017578125 0.46645250781250003 0.794921875 0.47296720781249996 0.794921875 0.483390728125 0.798828125 0.4886024875 0.798828125 0.496420128125 0.8037109375 0.502934828125 0.810546875 0.5016318875 0.822265625 0.48078484843749997 0.822265625 0.470361328125 0.8173828125 0.46384662812500005 0.8134765625 0.46645250781250003
0 0.8359375 0.4416966484375 0.8330078125 0.4351819484375 0.8271484375 0.43257606875 0.822265625 0.43909076875 0.822265625 0.45212016874999994 0.818359375 0.457331928125 0.818359375 0.46514956874999996 0.8212890625 0.46905838749999995 0.833984375 0.46775544843750005 0.8359375 0.46514956874999996 0.8359375 0.45993780781250004 0.833984375 0.457331928125 0.8359375 0.4416966484375
0 0.81640625 0.43909076875 0.81640625 0.42606136875 0.8017578125 0.40912315 0.7978515625 0.40912315 0.79296875 0.41563785 0.79296875 0.420849609375 0.796875 0.42606136875 0.796875 0.4312731296875 0.7890625 0.43909076875 0.791015625 0.4495142890625 0.7939453125 0.4534231078125 0.798828125 0.45212016874999994 0.8017578125 0.45081722968750004 0.8056640625 0.44299958906250003 0.8115234375 0.44299958906250003 0.81640625 0.43909076875
0 0.83984375 0.397396690625 0.841796875 0.3921849296875 0.83984375 0.3869731703125 0.8349609375 0.38306435 0.8251953125 0.3856702296875 0.8232421875 0.390881990625 0.8115234375 0.39609375 0.806640625 0.40260844999999995 0.806640625 0.40782020937499996 0.8173828125 0.4247584296875 0.82421875 0.42345548906249997 0.8271484375 0.4195466703125 0.8349609375 0.4195466703125 0.83984375 0.4130319703125 0.83984375 0.397396690625