0 0.2412109375 0.502934828125 0.248046875 0.496420128125 0.25 0.4886024875 0.2373046875 0.46384662812500005 0.2314453125 0.46645250781250003 0.2265625 0.47296720781249996 0.224609375 0.4990260078125 0.2275390625 0.502934828125 0.2314453125 0.5055407078124999 0.2412109375 0.502934828125
0 0.2587890625 0.489905428125 0.263671875 0.483390728125 0.263671875 0.47296720781249996 0.2607421875 0.46905838749999995 0.2529296875 0.47166426875 0.25 0.47557308750000005 0.25 0.48078484843749997 0.2548828125 0.489905428125 0.2587890625 0.489905428125
0 0.26953125 0.45212016874999994 0.2646484375 0.44560546875 0.2568359375 0.44560546875 0.2509765625 0.45081722968750004 0.2509765625 0.46645250781250003 0.2646484375 0.46645250781250003 0.26953125 0.457331928125 0.26953125 0.45212016874999994
0 0.251953125 0.45212016874999994 0.248046875 0.44430252968749995 0.2412109375 0.44299958906250003 0.23828125 0.4469084078125 0.236328125 0.45993780781250004 0.2412109375 0.46645250781250003 0.2509765625 0.46645250781250003 0.251953125 0.45212016874999994
0 0.2333984375 0.46124074843749996 0.236328125 0.433879009375 0.2275390625 0.427364309375 0.21875 0.4312731296875 0.216796875 0.4416966484375 0.22265625 0.45993780781250004 0.2255859375 0.46384662812500005 0.2333984375 0.46124074843749996
0 0.216796875 0.457331928125 0.21875 0.4469084078125 0.2158203125 0.4377878296875 0.2060546875 0.4351819484375 0.201171875 0.4416966484375 0.201171875 0.46514956874999996 0.2080078125 0.46905838749999995 0.216796875 0.457331928125
0 0.2265625 0.4182437296875 0.2265625 0.40521432968750004 0.2197265625 0.3986996296875 0.2158203125 0.3986996296875 0.20703125 0.41042608906250005 0.203125 0.42345548906249997 0.2080078125 0.4299701890625 0.2216796875 0.427364309375 0.2265625 0.4182437296875
0 0.2685546875 0.44299958906250003 0.275390625 0.433879009375 0.2734375 0.40782020937499996 0.2646484375 0.40651727031249996 0.26171875 0.41042608906250005 0.25390625 0.42345548906249997 0.2578125 0.4364848890625 0.2626953125 0.44299958906250003 0.2685546875 0.44299958906250003
0 0.29296875 0.42866725 0.29296875 0.41563785 0.2900390625 0.41172902968749997 0.2861328125 0.41172902968749997 0.279296875 0.4182437296875 0.27734375 0.4364848890625 0.2802734375 0.440393709375 0.2861328125 0.440393709375 0.29296875 0.42866725
0 0.291015625 0.40521432968750004 0.291015625 0.394790809375 0.2861328125 0.38827611093750003 0.2822265625 0.3856702296875 0.27734375 0.394790809375 0.275390625 0.40000257031249997 0.2802734375 0.40912315 0.2880859375 0.40912315 0.291015625 0.40521432968750004
0 0.28515625 0.38957905 0.283203125 0.37654964999999996 0.2802734375 0.3726408296875 0.2763671875 0.37003495000000003 0.26953125 0.37654964999999996 0.267578125 0.38957905 0.2705078125 0.39609375 0.2763671875 0.3986996296875 0.28515625 0.38957905
0 0.244140625 0.41563785 0.24609375 0.40000257031249997 0.2373046875 0.3934878703125 0.2314453125 0.39609375 0.228515625 0.40000257031249997 0.228515625 0.41042608906250005 0.2392578125 0.42215255 0.244140625 0.41563785
0 0.255859375 0.4182437296875 0.2548828125 0.4039113890625 0.2490234375 0.40130550937500004 0.244140625 0.40782020937499996 0.2421875 0.41563785 0.2470703125 0.42215255 0.2529296875 0.42215255 0.255859375 0.4182437296875
0 0.267578125 0.40000257031249997 0.267578125 0.3921849296875 0.2607421875 0.3856702296875 0.2568359375 0.38827611093750003 0.25390625 0.3921849296875 0.25390625 0.40000257031249997 0.2607421875 0.40651727031249996 0.267578125 0.40000257031249997
0 0.265625 0.3791555296875 0.2626953125 0.37003495000000003 0.2548828125 0.37003495000000003 0.2451171875 0.377852590625 0.244140625 0.384367290625 0.2490234375 0.390881990625 0.2626953125 0.3856702296875 0.265625 0.3791555296875
0 0.259765625 0.36612613125000004 0.26171875 0.3557026109375 0.2568359375 0.3491879109375 0.2431640625 0.3361585125 0.2353515625 0.3361585125 0.232421875 0.34006733125 0.23046875 0.3504908515625 0.2353515625 0.364823190625 0.2392578125 0.3674290703125 0.259765625 0.36612613125000004
0 0.234375 0.3869731703125 0.234375 0.371337890625 0.2314453125 0.3674290703125 0.2255859375 0.3674290703125 0.21875 0.37654964999999996 0.21875 0.38957905 0.2275390625 0.39609375 0.234375 0.3869731703125
0 0.2119140625 0.39609375 0.216796875 0.38957905 0.21875 0.37394377031250003 0.2158203125 0.37003495000000003 0.2060546875 0.37003495000000003 0.203125 0.37394377031250003 0.19921875 0.384367290625 0.201171875 0.3921849296875 0.2041015625 0.39609375 0.2119140625 0.39609375
0 0.4853515625 0.45863486875000004 0.490234375 0.45212016874999994 0.49609375 0.420849609375 0.4912109375 0.41433490937500006 0.4833984375 0.41433490937500006 0.48046875 0.4182437296875 0.478303746875 0.4328947375 0.470703125 0.44430252968749995 0.4794921875 0.45863486875000004 0.4853515625 0.45863486875000004
0 0.4716796875 0.4351819484375 0.4765625 0.4312731296875 0.478515625 0.4130319703125 0.4697265625 0.40130550937500004 0.4638671875 0.40130550937500004 0.4609375 0.40521432968750004 0.4609375 0.42866725 0.4658203125 0.4351819484375 0.4716796875 0.4351819484375
0 0.517578125 0.44430252968749995 0.517578125 0.4364848890625 0.51171875 0.42345548906249997 0.5068359375 0.4169407890625 0.498046875 0.420849609375 0.49609375 0.4416966484375 0.5029296875 0.4482113484375 0.5126953125 0.45081722968750004 0.517578125 0.44430252968749995
0 0.53125 0.40521432968750004 0.5283203125 0.3934878703125 0.5185546875 0.38827611093750003 0.5126953125 0.390881990625 0.51171875 0.40521432968750004 0.5146484375 0.40912315 0.5263671875 0.41172902968749997 0.53125 0.40521432968750004
0 0.51171875 0.40260844999999995 0.51171875 0.394790809375 0.5068359375 0.390881990625 0.498046875 0.394790809375 0.49609375 0.40521432968750004 0.5009765625 0.41172902968749997 0.5048828125 0.41172902968749997 0.51171875 0.40260844999999995
0 0.5126953125 0.3752467109375 0.5087890625 0.377852590625 0.5078125 0.38957905 0.5146484375 0.3934878703125 0.51953125 0.384367290625 0.5126953125 0.3752467109375
0 0.498046875 0.394790809375 0.498046875 0.3869731703125 0.494140625 0.371337890625 0.4892578125 0.3674290703125 0.4853515625 0.3674290703125 0.482421875 0.371337890625 0.48046875 0.37654964999999996 0.482421875 0.38957905 0.4951171875 0.3986996296875 0.498046875 0.394790809375
0 0.482421875 0.38957905 0.4794921875 0.3804584703125 0.4697265625 0.3804584703125 0.466796875 0.384367290625 0.46484375 0.394790809375 0.4677734375 0.40130550937500004 0.4755859375 0.40130550937500004 0.482421875 0.38957905
0 0.7587890625 0.487299546875 0.76171875 0.483390728125 0.763671875 0.47817896718749997 0.7587890625 0.46905838749999995 0.7470703125 0.46384662812500005 0.7421875 0.46514956874999996 0.73828125 0.47557308750000005 0.73828125 0.483390728125 0.7412109375 0.487299546875 0.7587890625 0.487299546875
0 0.7822265625 0.4794819078125 0.78515625 0.47557308750000005 0.78515625 0.4495142890625 0.7783203125 0.440393709375 0.7724609375 0.44299958906250003 0.765625 0.45212016874999994 0.765625 0.4625436875 0.7744140625 0.4794819078125 0.7822265625 0.4794819078125
0 0.76171875 0.45212016874999994 0.7548828125 0.440393709375 0.7451171875 0.440393709375 0.7421875 0.44430252968749995 0.744140625 0.457331928125 0.7568359375 0.46384662812500005 0.76171875 0.45212016874999994
0 0.765625 0.45212016874999994 0.765625 0.4416966484375 0.7626953125 0.4377878296875 0.7587890625 0.4377878296875 0.755859375 0.4416966484375 0.755859375 0.4495142890625 0.7607421875 0.45863486875000004 0.765625 0.45212016874999994
0 0.7294921875 0.4820877875 0.7333984375 0.4820877875 0.73828125 0.47296720781249996 0.736328125 0.45993780781250004 0.7275390625 0.44560546875 0.7197265625 0.44560546875 0.716796875 0.4495142890625 0.716796875 0.457331928125 0.724609375 0.47557308750000005 0.7294921875 0.4820877875
0 0.7421875 0.457331928125 0.7421875 0.4469084078125 0.7373046875 0.440393709375 0.7275390625 0.44299958906250003 0.7265625 0.45212016874999994 0.728515625 0.45993780781250004 0.7373046875 0.46384662812500005 0.7421875 0.457331928125
0 0.7109375 0.44430252968749995 0.7109375 0.43909076875 0.6982421875 0.42215255 0.6904296875 0.42215255 0.689453125 0.4416966484375 0.6943359375 0.4482113484375 0.7060546875 0.45081722968750004 0.7109375 0.44430252968749995
0 0.7333984375 0.440393709375 0.736328125 0.4364848890625 0.73828125 0.42866725 0.734375 0.41563785 0.7294921875 0.40912315 0.7158203125 0.4169407890625 0.712890625 0.420849609375 0.712890625 0.43909076875 0.7177734375 0.44560546875 0.7333984375 0.440393709375
0 0.728515625 0.40782020937499996 0.7255859375 0.40130550937500004 0.7177734375 0.40130550937500004 0.716796875 0.41563785 0.7216796875 0.4195466703125 0.728515625 0.4130319703125 0.728515625 0.40782020937499996
0 0.7080078125 0.4247584296875 0.71484375 0.40782020937499996 0.71484375 0.40000257031249997 0.7099609375 0.3934878703125 0.69921875 0.394790809375 0.6953125 0.40260844999999995 0.6953125 0.41042608906250005 0.7021484375 0.4247584296875 0.7080078125 0.4247584296875
0 0.7529296875 0.4377878296875 0.76171875 0.42866725 0.7568359375 0.4169407890625 0.7470703125 0.4195466703125 0.7421875 0.42606136875 0.7421875 0.4312731296875 0.7470703125 0.4377878296875 0.7529296875 0.4377878296875
0 0.7724609375 0.4351819484375 0.775390625 0.42866725 0.7734375 0.4130319703125 0.7685546875 0.40651727031249996 0.76171875 0.40782020937499996 0.759765625 0.4130319703125 0.76171875 0.42866725 0.7666015625 0.4351819484375 0.7724609375 0.4351819484375
0 0.763671875 0.40260844999999995 0.765625 0.371337890625 0.7607421875 0.3622173109375 0.7509765625 0.364823190625 0.748046875 0.371337890625 0.744140625 0.394790809375 0.7509765625 0.40651727031249996 0.7607421875 0.40651727031249996 0.763671875 0.40260844999999995
0 0.7421875 0.394790809375 0.7421875 0.37654964999999996 0.7373046875 0.37003495000000003 0.724609375 0.3817614109375 0.72265625 0.397396690625 0.7275390625 0.4039113890625 0.7314453125 0.4039113890625 0.7421875 0.394790809375