0 0.248046875 0.285343853125 0.2412109375 0.278829153125 0.2294921875 0.278829153125 0.2275390625 0.28143503281250004 0.2236328125 0.28143503281250004 0.21484375 0.2905556125 0.2109375 0.3009791328125 0.2109375 0.3192202921875 0.21875 0.32964381249999997 0.220703125 0.33746145156249996 0.2255859375 0.3439761515625 0.2294921875 0.34658203125 0.234375 0.3452790921875 0.240234375 0.34006733125 0.251953125 0.3166144125 0.251953125 0.2931614921875 0.248046875 0.285343853125
0 0.2138671875 0.3231291125 0.2060546875 0.3231291125 0.193359375 0.33746145156249996 0.19140625 0.34267321093750003 0.19140625 0.3557026109375 0.2060546875 0.37003495000000003 0.216796875 0.36873201093749997 0.224609375 0.3609143703125 0.2265625 0.3504908515625 0.21875 0.32964381249999997 0.2138671875 0.3231291125
0 0.2373046875 0.3413702703125 0.2265625 0.3452790921875 0.2294921875 0.351793790625 0.2353515625 0.351793790625 0.2373046875 0.35439967031249997 0.244140625 0.35309673125 0.25 0.34267321093750003 0.25 0.3322496921875 0.2470703125 0.328340871875 0.2373046875 0.3413702703125
0 0.28515625 0.2931614921875 0.2802734375 0.28404091249999996 0.2724609375 0.278829153125 0.2646484375 0.278829153125 0.255859375 0.28794973281249997 0.255859375 0.2931614921875 0.25390625 0.295767371875 0.255859375 0.308796771875 0.2626953125 0.32052323125000004 0.2724609375 0.3257349921875 0.2763671875 0.33094675156250003 0.279296875 0.32964381249999997 0.283203125 0.3244320515625 0.283203125 0.3192202921875 0.28515625 0.3166144125 0.28515625 0.2931614921875
0 0.2666015625 0.28143503281250004 0.259765625 0.285343853125 0.2607421875 0.28925267187500003 0.2626953125 0.2866467921875 0.2666015625 0.2866467921875 0.2685546875 0.28925267187500003 0.2705078125 0.2866467921875 0.279296875 0.28794973281249997 0.2783203125 0.28404091249999996 0.2744140625 0.28404091249999996 0.2724609375 0.28143503281250004 0.2666015625 0.28143503281250004
0 0.2626953125 0.32052323125000004 0.2578125 0.3322496921875 0.2578125 0.34006733125 0.2626953125 0.34658203125 0.2666015625 0.34658203125 0.2685546875 0.3491879109375 0.271484375 0.3478849703125 0.279296875 0.3452790921875 0.279296875 0.32964381249999997 0.28125 0.3244320515625 0.2626953125 0.32052323125000004
0 0.3134765625 0.3439761515625 0.3203125 0.3322496921875 0.318359375 0.3192202921875 0.3037109375 0.302282071875 0.2939453125 0.304887953125 0.28515625 0.3166144125 0.279296875 0.3322496921875 0.279296875 0.3452790921875 0.2861328125 0.351793790625 0.2880859375 0.3570055515625 0.29296875 0.3557026109375 0.291015625 0.35309673125 0.2919921875 0.351793790625 0.3076171875 0.3491879109375 0.3134765625 0.3439761515625
0 0.337890625 0.371337890625 0.3291015625 0.3491879109375 0.3251953125 0.34658203125 0.3115234375 0.34658203125 0.3056640625 0.3570055515625 0.2998046875 0.3570055515625 0.294921875 0.3609143703125 0.29296875 0.36612613125000004 0.29296875 0.3791555296875 0.2978515625 0.38827611093750003 0.3056640625 0.3934878703125 0.3095703125 0.3934878703125 0.3173828125 0.3986996296875 0.322265625 0.397396690625 0.3291015625 0.3934878703125 0.333984375 0.3869731703125 0.337890625 0.37654964999999996 0.337890625 0.371337890625
0 0.2724609375 0.3804584703125 0.265625 0.38957905 0.265625 0.40521432968750004 0.267578125 0.41042608906250005 0.2724609375 0.4169407890625 0.27734375 0.4182437296875 0.294921875 0.397396690625 0.291015625 0.3869731703125 0.2841796875 0.3804584703125 0.2724609375 0.3804584703125
0 0.30078125 0.42345548906249997 0.30078125 0.41042608906250005 0.2958984375 0.40130550937500004 0.2900390625 0.4039113890625 0.2734375 0.42345548906249997 0.2734375 0.4416966484375 0.275390625 0.4469084078125 0.2822265625 0.4560289875 0.294921875 0.45472604843750003 0.302734375 0.44430252968749995 0.302734375 0.43909076875 0.3046875 0.4364848890625 0.30078125 0.42345548906249997
0 0.26953125 0.371337890625 0.2587890625 0.35439967031249997 0.2451171875 0.351793790625 0.2314453125 0.3622173109375 0.224609375 0.371337890625 0.220703125 0.3817614109375 0.2255859375 0.38827611093750003 0.2314453125 0.38827611093750003 0.2392578125 0.39609375 0.2451171875 0.39609375 0.2470703125 0.3986996296875 0.251953125 0.397396690625 0.2587890625 0.39609375 0.267578125 0.3869731703125 0.26953125 0.3817614109375 0.26953125 0.371337890625
0 0.2392578125 0.39609375 0.236328125 0.40000257031249997 0.23828125 0.40521432968750004 0.23828125 0.4182437296875 0.24609375 0.4182437296875 0.25 0.4130319703125 0.25 0.40000257031249997 0.2470703125 0.39609375 0.2392578125 0.39609375
0 0.23828125 0.40000257031249997 0.2314453125 0.390881990625 0.2158203125 0.38827611093750003 0.2080078125 0.3934878703125 0.203125 0.40000257031249997 0.19921875 0.420849609375 0.203125 0.433879009375 0.2099609375 0.44299958906250003 0.2138671875 0.44560546875 0.22265625 0.44430252968749995 0.236328125 0.42866725 0.236328125 0.42345548906249997 0.23828125 0.420849609375 0.23828125 0.40000257031249997
0 0.2490234375 0.42215255 0.2412109375 0.42215255 0.234375 0.4312731296875 0.228515625 0.4495142890625 0.228515625 0.46514956874999996 0.23046875 0.470361328125 0.2373046875 0.47687602812499996 0.240234375 0.47557308750000005 0.26171875 0.45472604843750003 0.26171875 0.44430252968749995 0.2578125 0.433879009375 0.2490234375 0.42215255
0 0.2763671875 0.5003289468750001 0.283203125 0.4912083671875 0.28515625 0.4859966078125 0.28515625 0.46514956874999996 0.2783203125 0.4534231078125 0.2626953125 0.4534231078125 0.2548828125 0.46384662812500005 0.2490234375 0.46645250781250003 0.23828125 0.47817896718749997 0.2421875 0.4990260078125 0.2470703125 0.5055407078124999 0.25390625 0.5042377671875 0.2568359375 0.5003289468750001 0.2705078125 0.502934828125 0.2724609375 0.5003289468750001 0.2763671875 0.5003289468750001
0 0.2216796875 0.4742701484375 0.2138671875 0.46905838749999995 0.2021484375 0.46905838749999995 0.1982421875 0.47166426875 0.193359375 0.48078484843749997 0.1953125 0.5016318875 0.2060546875 0.513358346875 0.216796875 0.5120554078125 0.2216796875 0.5055407078124999 0.2314453125 0.5003289468750001 0.234375 0.493814246875 0.2216796875 0.4742701484375
0 0.2333984375 0.4951171875 0.2236328125 0.5055407078124999 0.216796875 0.5094495265625001 0.21484375 0.5172671671875 0.2177734375 0.5237818671875 0.2275390625 0.526387746875 0.2373046875 0.5342053875 0.2421875 0.532902446875 0.24609375 0.52508480625 0.24609375 0.5120554078125 0.2392578125 0.5003289468750001 0.2333984375 0.4951171875
0 0.48046875 0.3869731703125 0.482421875 0.371337890625 0.484375 0.36873201093749997 0.4814453125 0.364823190625 0.4580078125 0.364823190625 0.4560546875 0.3674290703125 0.4482421875 0.3674290703125 0.435546875 0.3817614109375 0.431640625 0.3921849296875 0.43359375 0.40521432968750004 0.4423828125 0.4169407890625 0.4501953125 0.42215255 0.462890625 0.420849609375 0.4697265625 0.4169407890625 0.474609375 0.40521432968750004 0.474609375 0.40000257031249997 0.48046875 0.3869731703125
0 0.4697265625 0.3231291125 0.4599609375 0.3231291125 0.4521484375 0.328340871875 0.447265625 0.34267321093750003 0.44921875 0.3557026109375 0.453125 0.36352025 0.4560546875 0.3674290703125 0.4609375 0.36612613125000004 0.4794921875 0.364823190625 0.484375 0.3557026109375 0.482421875 0.33746145156249996 0.4697265625 0.3231291125
0 0.521484375 0.308796771875 0.5087890625 0.2944644328125 0.4990234375 0.2970703125 0.4921875 0.308796771875 0.4921875 0.3140085328125 0.490234375 0.3166144125 0.4921875 0.33485557187500004 0.4970703125 0.3439761515625 0.5068359375 0.34658203125 0.5166015625 0.35439967031249997 0.5234375 0.35309673125 0.5234375 0.3452790921875 0.525390625 0.34267321093750003 0.525390625 0.321826171875 0.521484375 0.308796771875
0 0.5068359375 0.34658203125 0.4970703125 0.3439761515625 0.490234375 0.3557026109375 0.490234375 0.36612613125000004 0.4921875 0.371337890625 0.4970703125 0.377852590625 0.5048828125 0.38306435 0.51171875 0.3817614109375 0.5146484375 0.3804584703125 0.521484375 0.36873201093749997 0.521484375 0.3557026109375 0.5068359375 0.34658203125
0 0.55859375 0.308796771875 0.5537109375 0.2970703125 0.5498046875 0.2944644328125 0.5419921875 0.2970703125 0.5341796875 0.302282071875 0.52734375 0.3114026515625 0.525390625 0.3166144125 0.525390625 0.32964381249999997 0.52734375 0.3322496921875 0.52734375 0.34267321093750003 0.5302734375 0.34658203125 0.53125 0.3452790921875 0.5380859375 0.3361585125 0.5517578125 0.3361585125 0.55859375 0.32964381249999997 0.55859375 0.308796771875
0 0.5654296875 0.3387643921875 0.5576171875 0.33355263125 0.5498046875 0.33355263125 0.5478515625 0.3361585125 0.5400390625 0.3361585125 0.5361328125 0.3387643921875 0.529296875 0.3478849703125 0.529296875 0.35309673125 0.5439453125 0.377852590625 0.5517578125 0.38306435 0.564453125 0.3817614109375 0.5703125 0.37654964999999996 0.57421875 0.36352025 0.57421875 0.3557026109375 0.5654296875 0.3387643921875
0 0.5703125 0.42606136875 0.568359375 0.42345548906249997 0.568359375 0.4182437296875 0.5595703125 0.40912315 0.5322265625 0.40912315 0.529296875 0.4130319703125 0.529296875 0.42866725 0.53125 0.4312731296875 0.53125 0.43909076875 0.533203125 0.4416966484375 0.53515625 0.45472604843750003 0.5419921875 0.46384662812500005 0.5498046875 0.46905838749999995 0.5625 0.46775544843750005 0.568359375 0.457331928125 0.568359375 0.4469084078125 0.5703125 0.44430252968749995 0.5703125 0.42606136875
0 0.5400390625 0.38827611093750003 0.529296875 0.40000257031249997 0.5302734375 0.41172902968749997 0.5390625 0.41042608906250005 0.556640625 0.40782020937499996 0.556640625 0.3921849296875 0.5517578125 0.3856702296875 0.5400390625 0.38827611093750003
0 0.53125 0.4416966484375 0.5263671875 0.4351819484375 0.5185546875 0.43257606875 0.5078125 0.457331928125 0.5078125 0.46514956874999996 0.5146484375 0.47166426875 0.525390625 0.470361328125 0.529296875 0.46514956874999996 0.533203125 0.4495142890625 0.53125 0.4469084078125 0.53125 0.4416966484375
0 0.51953125 0.40782020937499996 0.5146484375 0.3986996296875 0.5068359375 0.3934878703125 0.4970703125 0.3934878703125 0.4931640625 0.39609375 0.486328125 0.40782020937499996 0.486328125 0.42345548906249997 0.494140625 0.43909076875 0.49609375 0.45993780781250004 0.5009765625 0.46384662812500005 0.505859375 0.4625436875 0.51953125 0.433879009375 0.521484375 0.4182437296875 0.51953125 0.41563785 0.51953125 0.40782020937499996
0 0.4921875 0.43909076875 0.4921875 0.433879009375 0.4814453125 0.42215255 0.4677734375 0.42215255 0.4658203125 0.4247584296875 0.4619140625 0.4247584296875 0.453125 0.433879009375 0.451171875 0.4469084078125 0.4638671875 0.46905838749999995 0.4697265625 0.4742701484375 0.4755859375 0.4742701484375 0.4775390625 0.47687602812499996 0.482421875 0.47557308750000005 0.4853515625 0.4742701484375 0.494140625 0.45993780781250004 0.494140625 0.4416966484375 0.4921875 0.43909076875
0 0.4755859375 0.4794819078125 0.4677734375 0.4742701484375 0.4560546875 0.47687602812499996 0.44921875 0.4912083671875 0.44921875 0.5094495265625001 0.451171875 0.5146612875 0.4599609375 0.5237818671875 0.478515625 0.5224789265625 0.482421875 0.5094495265625001 0.482421875 0.4912083671875 0.48046875 0.4859966078125 0.4755859375 0.4794819078125
0 0.5029296875 0.46905838749999995 0.4990234375 0.46905838749999995 0.4970703125 0.46645250781250003 0.4892578125 0.47166426875 0.482421875 0.483390728125 0.48046875 0.5224789265625 0.4853515625 0.526387746875 0.498046875 0.52508480625 0.5078125 0.5094495265625001 0.51171875 0.4990260078125 0.51171875 0.483390728125 0.5029296875 0.46905838749999995
0 0.763671875 0.38957905 0.7666015625 0.3856702296875 0.7783203125 0.3856702296875 0.791015625 0.3791555296875 0.791015625 0.36612613125000004 0.78125 0.3504908515625 0.787109375 0.321826171875 0.783203125 0.3114026515625 0.7744140625 0.304887953125 0.7607421875 0.304887953125 0.75 0.3192202921875 0.75 0.32703793124999997 0.748046875 0.32964381249999997 0.748046875 0.33746145156249996 0.75 0.34006733125 0.75 0.3478849703125 0.748046875 0.3504908515625 0.75 0.35309673125 0.7490234375 0.3570055515625 0.7431640625 0.3570055515625 0.7373046875 0.351793790625 0.7275390625 0.351793790625 0.71875 0.36352025 0.71875 0.3791555296875 0.7275390625 0.3934878703125 0.7373046875 0.3934878703125 0.740234375 0.40521432968750004 0.7470703125 0.41433490937500006 0.7509765625 0.41433490937500006 0.7529296875 0.4169407890625 0.759765625 0.41563785 0.7626953125 0.41433490937500006 0.765625 0.40782020937499996 0.765625 0.394790809375 0.763671875 0.38957905
0 0.73828125 0.45993780781250004 0.736328125 0.457331928125 0.736328125 0.45212016874999994 0.7412109375 0.4482113484375 0.748046875 0.4364848890625 0.748046875 0.42345548906249997 0.74609375 0.4182437296875 0.7353515625 0.40651727031249996 0.7255859375 0.40651727031249996 0.7236328125 0.40912315 0.7177734375 0.40912315 0.7119140625 0.4039113890625 0.7021484375 0.4039113890625 0.6982421875 0.40651727031249996 0.6953125 0.3921849296875 0.6904296875 0.38306435 0.6865234375 0.3804584703125 0.6767578125 0.3804584703125 0.6728515625 0.38306435 0.66796875 0.3921849296875 0.66796875 0.41042608906250005 0.673828125 0.420849609375 0.673828125 0.42606136875 0.669921875 0.4312731296875 0.669921875 0.44430252968749995 0.673828125 0.45212016874999994 0.67578125 0.4625436875 0.6826171875 0.46384662812500005 0.6884765625 0.45863486875000004 0.69140625 0.45472604843750003 0.6982421875 0.43257606875 0.708984375 0.44430252968749995 0.708984375 0.4495142890625 0.703125 0.457331928125 0.703125 0.47296720781249996 0.70703125 0.483390728125 0.7197265625 0.4977230671875 0.7236328125 0.4977230671875 0.7255859375 0.5003289468750001 0.73046875 0.4990260078125 0.736328125 0.4912083671875 0.736328125 0.4859966078125 0.73828125 0.483390728125 0.73828125 0.45993780781250004
0 0.7802734375 0.4742701484375 0.7861328125 0.4794819078125 0.8017578125 0.4794819078125 0.80859375 0.47296720781249996 0.81640625 0.457331928125 0.814453125 0.4416966484375 0.8056640625 0.4299701890625 0.79296875 0.42345548906249997 0.794921875 0.4130319703125 0.791015625 0.40260844999999995 0.7841796875 0.39609375 0.7705078125 0.3986996296875 0.765625 0.40521432968750004 0.763671875 0.41042608906250005 0.765625 0.42866725 0.7626953125 0.43257606875 0.7568359375 0.43257606875 0.751953125 0.43909076875 0.751953125 0.45212016874999994 0.7490234375 0.4534231078125 0.740234375 0.46775544843750005 0.740234375 0.48078484843749997 0.748046875 0.5068436468749999 0.7548828125 0.513358346875 0.759765625 0.5120554078125 0.7666015625 0.5081465875 0.7734375 0.4990260078125 0.77734375 0.4912083671875 0.7802734375 0.4742701484375