0 0.17578125 0.40000257031249997 0.1806640625 0.39609375 0.189453125 0.3817614109375 0.1875 0.371337890625 0.1845703125 0.3674290703125 0.1748046875 0.3674290703125 0.1669921875 0.3752467109375 0.1611328125 0.3752467109375 0.154296875 0.384367290625 0.154296875 0.38957905 0.158203125 0.397396690625 0.158203125 0.40521432968750004 0.15234375 0.4130319703125 0.150390625 0.42345548906249997 0.1591796875 0.4299701890625 0.169921875 0.42866725 0.1787109375 0.4195466703125 0.181640625 0.4130319703125 0.1796875 0.40521432968750004 0.17578125 0.40000257031249997
0 0.20703125 0.40521432968750004 0.1982421875 0.39609375 0.1904296875 0.3986996296875 0.185546875 0.40521432968750004 0.18359375 0.41563785 0.169921875 0.4312731296875 0.169921875 0.43909076875 0.1787109375 0.44560546875 0.1845703125 0.4560289875 0.193359375 0.45472604843750003 0.19921875 0.44430252968749995 0.19921875 0.42866725 0.20703125 0.4182437296875 0.20703125 0.40521432968750004
0 0.26171875 0.394790809375 0.26171875 0.38957905 0.2568359375 0.3804584703125 0.2431640625 0.3804584703125 0.2353515625 0.364823190625 0.2275390625 0.364823190625 0.220703125 0.37654964999999996 0.220703125 0.3869731703125 0.22265625 0.38957905 0.220703125 0.40782020937499996 0.22265625 0.4130319703125 0.232421875 0.42345548906249997 0.23046875 0.42606136875 0.23046875 0.4364848890625 0.232421875 0.43909076875 0.234375 0.45472604843750003 0.2392578125 0.46384662812500005 0.24609375 0.4625436875 0.2548828125 0.4560289875 0.259765625 0.4469084078125 0.259765625 0.397396690625 0.26171875 0.394790809375
0 0.4296875 0.4416966484375 0.423828125 0.42606136875 0.427734375 0.4182437296875 0.427734375 0.40782020937499996 0.4208984375 0.390881990625 0.4130859375 0.3856702296875 0.4091796875 0.3856702296875 0.4013671875 0.390881990625 0.3984375 0.397396690625 0.400390625 0.4130319703125 0.404296875 0.4182437296875 0.40234375 0.4495142890625 0.40625 0.45993780781250004 0.4111328125 0.46645250781250003 0.419921875 0.46514956874999996 0.427734375 0.457331928125 0.427734375 0.45212016874999994 0.4296875 0.4495142890625 0.4296875 0.4416966484375
0 0.455078125 0.37654964999999996 0.451171875 0.36612613125000004 0.4462890625 0.35961143125 0.4404296875 0.35439967031249997 0.4345703125 0.35439967031249997 0.4306640625 0.3570055515625 0.42578125 0.36612613125000004 0.42578125 0.40260844999999995 0.427734375 0.40521432968750004 0.427734375 0.41563785 0.4404296875 0.4299701890625 0.451171875 0.42866725 0.458984375 0.420849609375 0.458984375 0.40521432968750004 0.451171875 0.394790809375 0.455078125 0.37654964999999996
0 0.5107421875 0.4169407890625 0.51953125 0.40521432968750004 0.521484375 0.40000257031249997 0.521484375 0.38957905 0.5146484375 0.3804584703125 0.5009765625 0.3804584703125 0.4951171875 0.3856702296875 0.4912109375 0.3856702296875 0.490234375 0.3817614109375 0.4814453125 0.3726408296875 0.4736328125 0.3726408296875 0.4697265625 0.3752467109375 0.466796875 0.3817614109375 0.466796875 0.394790809375 0.470703125 0.40521432968750004 0.46875 0.40782020937499996 0.46875 0.4130319703125 0.4736328125 0.42215255 0.48046875 0.420849609375 0.4853515625 0.41433490937500006 0.4931640625 0.41433490937500006 0.4970703125 0.4195466703125 0.5107421875 0.4169407890625
0 0.5029296875 0.427364309375 0.4931640625 0.4247584296875 0.4912109375 0.42215255 0.4814453125 0.42215255 0.4794921875 0.4247584296875 0.4755859375 0.42215255 0.4599609375 0.42215255 0.455078125 0.42866725 0.453125 0.43909076875 0.455078125 0.44430252968749995 0.4619140625 0.45081722968750004 0.4697265625 0.45081722968750004 0.4755859375 0.44560546875 0.4833984375 0.46384662812500005 0.4873046875 0.46645250781250003 0.498046875 0.46514956874999996 0.5009765625 0.46384662812500005 0.51171875 0.4469084078125 0.509765625 0.4364848890625 0.5029296875 0.427364309375
0 0.748046875 0.36612613125000004 0.748046875 0.3609143703125 0.751953125 0.35309673125 0.751953125 0.34006733125 0.7470703125 0.33355263125 0.7373046875 0.33355263125 0.7275390625 0.3439761515625 0.7265625 0.33746145156249996 0.7197265625 0.3231291125 0.7080078125 0.32052323125000004 0.701171875 0.32964381249999997 0.69921875 0.34267321093750003 0.708984375 0.358308490625 0.708984375 0.36352025 0.70703125 0.36612613125000004 0.708984375 0.36873201093749997 0.708984375 0.37654964999999996 0.7119140625 0.3804584703125 0.7216796875 0.3804584703125 0.7314453125 0.37003495000000003 0.734375 0.37394377031250003 0.734375 0.38957905 0.7392578125 0.39609375 0.7431640625 0.3986996296875 0.74609375 0.397396690625 0.7509765625 0.3934878703125 0.75390625 0.3869731703125 0.75390625 0.37654964999999996 0.748046875 0.36612613125000004
0 0.701171875 0.36873201093749997 0.701171875 0.358308490625 0.6962890625 0.351793790625 0.6884765625 0.35439967031249997 0.685546875 0.358308490625 0.685546875 0.36612613125000004 0.6826171875 0.37003495000000003 0.6708984375 0.37003495000000003 0.6669921875 0.3726408296875 0.662109375 0.3817614109375 0.662109375 0.3921849296875 0.6728515625 0.40651727031249996 0.6787109375 0.40651727031249996 0.6806640625 0.40912315 0.68359375 0.40782020937499996 0.689453125 0.40260844999999995 0.701171875 0.3791555296875 0.69921875 0.37394377031250003 0.701171875 0.36873201093749997
0 0.712890625 0.3791555296875 0.7080078125 0.3752467109375 0.7060546875 0.377852590625 0.7001953125 0.377852590625 0.697265625 0.3817614109375 0.689453125 0.40782020937499996 0.689453125 0.4130319703125 0.6943359375 0.42215255 0.6982421875 0.42215255 0.7001953125 0.4247584296875 0.705078125 0.42345548906249997 0.708984375 0.4182437296875 0.708984375 0.40000257031249997 0.71484375 0.3921849296875 0.712890625 0.3791555296875
0 0.6845703125 0.41172902968749997 0.6767578125 0.41172902968749997 0.669921875 0.4182437296875 0.669921875 0.4364848890625 0.673828125 0.44430252968749995 0.66796875 0.4495142890625 0.66796875 0.46514956874999996 0.6748046875 0.47166426875 0.685546875 0.470361328125 0.693359375 0.4469084078125 0.693359375 0.42345548906249997 0.69140625 0.4182437296875 0.6845703125 0.41172902968749997
0 0.7109375 0.45472604843750003 0.716796875 0.4469084078125 0.716796875 0.433879009375 0.7099609375 0.427364309375 0.7041015625 0.427364309375 0.697265625 0.4364848890625 0.693359375 0.4469084078125 0.69140625 0.45993780781250004 0.6875 0.46775544843750005 0.689453125 0.483390728125 0.6962890625 0.4925113078125 0.70703125 0.4912083671875 0.712890625 0.48078484843749997 0.712890625 0.4625436875 0.7109375 0.45993780781250004 0.7109375 0.45472604843750003
0 0.76171875 0.457331928125 0.76171875 0.4469084078125 0.759765625 0.4416966484375 0.7548828125 0.4351819484375 0.7509765625 0.4351819484375 0.748046875 0.4312731296875 0.751953125 0.42345548906249997 0.751953125 0.41042608906250005 0.7451171875 0.3986996296875 0.7333984375 0.40130550937500004 0.7265625 0.41042608906250005 0.7265625 0.41563785 0.724609375 0.4182437296875 0.7265625 0.420849609375 0.7265625 0.4364848890625 0.728515625 0.43909076875 0.728515625 0.4495142890625 0.724609375 0.45993780781250004 0.724609375 0.46775544843750005 0.7294921875 0.47687602812499996 0.7333984375 0.4794819078125 0.73828125 0.47817896718749997 0.7431640625 0.46905838749999995 0.7529296875 0.46905838749999995 0.7568359375 0.46645250781250003 0.76171875 0.457331928125