0 0.515625 0.40260844999999995 0.5107421875 0.39609375 0.5029296875 0.3986996296875 0.4951171875 0.40651727031249996 0.4912109375 0.4039113890625 0.4833984375 0.4039113890625 0.478515625 0.4130319703125 0.4833984375 0.4247584296875 0.4912109375 0.427364309375 0.4970703125 0.43257606875 0.5 0.4312731296875 0.50390625 0.42866725 0.505859375 0.4182437296875 0.515625 0.41042608906250005 0.515625 0.40260844999999995
0 0.5322265625 0.390881990625 0.5244140625 0.390881990625 0.5224609375 0.38827611093750003 0.517578125 0.38957905 0.515625 0.394790809375 0.515625 0.40782020937499996 0.5185546875 0.41172902968749997 0.5224609375 0.41433490937500006 0.5283203125 0.41433490937500006 0.5302734375 0.41172902968749997 0.5322265625 0.41433490937500006 0.5390625 0.4130319703125 0.537109375 0.41042608906250005 0.5390625 0.397396690625 0.5361328125 0.3934878703125 0.5322265625 0.390881990625
0 0.54296875 0.4182437296875 0.5380859375 0.41172902968749997 0.5341796875 0.41172902968749997 0.5322265625 0.41433490937500006 0.5263671875 0.41433490937500006 0.5234375 0.4182437296875 0.5234375 0.42606136875 0.529296875 0.42866725 0.52734375 0.44430252968749995 0.5341796875 0.45081722968750004 0.537109375 0.4495142890625 0.54296875 0.43909076875 0.54296875 0.42866725 0.541015625 0.42606136875 0.54296875 0.4182437296875
0 0.5224609375 0.4247584296875 0.5107421875 0.427364309375 0.5078125 0.4312731296875 0.5078125 0.4416966484375 0.5185546875 0.45863486875000004 0.5234375 0.457331928125 0.529296875 0.4469084078125 0.525390625 0.43909076875 0.525390625 0.42866725 0.5224609375 0.4247584296875
0 0.4990234375 0.43257606875 0.4921875 0.43909076875 0.490234375 0.457331928125 0.4931640625 0.46124074843749996 0.5009765625 0.46124074843749996 0.5087890625 0.4742701484375 0.51171875 0.47296720781249996 0.517578125 0.46514956874999996 0.517578125 0.45993780781250004 0.5078125 0.43909076875 0.4990234375 0.43257606875
0 0.767578125 0.44430252968749995 0.7734375 0.4364848890625 0.7724609375 0.43257606875 0.7685546875 0.43257606875 0.7646484375 0.440393709375 0.7607421875 0.43257606875 0.751953125 0.43909076875 0.751953125 0.4495142890625 0.75390625 0.45212016874999994 0.751953125 0.4625436875 0.75390625 0.46775544843750005 0.763671875 0.46775544843750005 0.7705078125 0.46384662812500005 0.7734375 0.457331928125 0.7734375 0.45212016874999994 0.767578125 0.44430252968749995
0 0.7666015625 0.42215255 0.759765625 0.42866725 0.759765625 0.4364848890625 0.7646484375 0.44299958906250003 0.76953125 0.4416966484375 0.775390625 0.4364848890625 0.775390625 0.42866725 0.7705078125 0.42215255 0.7666015625 0.42215255
0 0.7763671875 0.4794819078125 0.7802734375 0.487299546875 0.7861328125 0.489905428125 0.79296875 0.483390728125 0.79296875 0.47296720781249996 0.7890625 0.46514956874999996 0.7890625 0.4469084078125 0.7861328125 0.44299958906250003 0.7802734375 0.44299958906250003 0.77734375 0.4469084078125 0.77734375 0.45212016874999994 0.7744140625 0.4534231078125 0.771484375 0.4469084078125 0.771484375 0.4416966484375 0.775390625 0.4364848890625 0.775390625 0.42866725 0.7666015625 0.42215255 0.751953125 0.43909076875 0.751953125 0.4495142890625 0.75390625 0.45212016874999994 0.751953125 0.4625436875 0.755859375 0.470361328125 0.755859375 0.47817896718749997 0.7529296875 0.4820877875 0.7470703125 0.4820877875 0.744140625 0.4859966078125 0.744140625 0.496420128125 0.7529296875 0.502934828125 0.7607421875 0.502934828125 0.7626953125 0.5055407078124999 0.771484375 0.5042377671875 0.775390625 0.496420128125 0.7734375 0.493814246875 0.775390625 0.48078484843749997 0.7763671875 0.4794819078125
0 0.2421875 0.483390728125 0.2353515625 0.4742701484375 0.2275390625 0.46905838749999995 0.2197265625 0.46905838749999995 0.21484375 0.47557308750000005 0.21484375 0.4859966078125 0.2109375 0.4912083671875 0.2109375 0.496420128125 0.2158203125 0.502934828125 0.22265625 0.5016318875 0.2255859375 0.4977230671875 0.2392578125 0.4977230671875 0.2421875 0.493814246875 0.2421875 0.483390728125
0 0.26171875 0.5146612875 0.2587890625 0.5107524671875 0.2509765625 0.5107524671875 0.2451171875 0.5003289468750001 0.2373046875 0.5003289468750001 0.234375 0.5042377671875 0.234375 0.5146612875 0.240234375 0.5224789265625 0.240234375 0.5355083265625 0.2431640625 0.5420230265625 0.2470703125 0.54462890625 0.251953125 0.5433259671874999 0.2578125 0.5355083265625 0.2578125 0.5302965671875 0.26171875 0.5224789265625 0.26171875 0.5146612875
0 0.2841796875 0.48469366718750007 0.2783203125 0.48469366718750007 0.271484375 0.493814246875 0.275390625 0.5042377671875 0.263671875 0.5224789265625 0.2685546875 0.5342053875 0.27734375 0.532902446875 0.28125 0.5224789265625 0.291015625 0.5146612875 0.2890625 0.493814246875 0.2841796875 0.48469366718750007
0 0.2646484375 0.4742701484375 0.2587890625 0.4742701484375 0.2548828125 0.46905838749999995 0.2509765625 0.46905838749999995 0.244140625 0.47817896718749997 0.2421875 0.493814246875 0.2470703125 0.5003289468750001 0.2548828125 0.5003289468750001 0.2568359375 0.502934828125 0.263671875 0.5016318875 0.271484375 0.493814246875 0.2734375 0.4886024875 0.271484375 0.48078484843749997 0.2646484375 0.4742701484375
0 0.25 0.4495142890625 0.2451171875 0.44299958906250003 0.2373046875 0.45081722968750004 0.2353515625 0.4482113484375 0.2255859375 0.4482113484375 0.22265625 0.45212016874999994 0.220703125 0.46514956874999996 0.2236328125 0.46905838749999995 0.2275390625 0.47166426875 0.2314453125 0.46905838749999995 0.2373046875 0.4742701484375 0.2421875 0.47296720781249996 0.248046875 0.46775544843750005 0.248046875 0.45993780781250004 0.25 0.457331928125 0.25 0.4495142890625
0 0.2744140625 0.42215255 0.2685546875 0.41433490937500006 0.2626953125 0.4169407890625 0.2548828125 0.427364309375 0.24609375 0.433879009375 0.2470703125 0.4377878296875 0.2548828125 0.4377878296875 0.2568359375 0.440393709375 0.2685546875 0.4377878296875 0.2763671875 0.44560546875 0.279296875 0.44430252968749995 0.28515625 0.43909076875 0.287109375 0.4312731296875 0.2822265625 0.4247584296875 0.2744140625 0.42215255
0 0.2763671875 0.4482113484375 0.2705078125 0.4482113484375 0.2685546875 0.45081722968750004 0.2646484375 0.4482113484375 0.2568359375 0.4482113484375 0.251953125 0.45212016874999994 0.251953125 0.4625436875 0.2548828125 0.46905838749999995 0.2607421875 0.46905838749999995 0.2666015625 0.47687602812499996 0.2734375 0.47557308750000005 0.27734375 0.47296720781249996 0.27734375 0.45993780781250004 0.279296875 0.457331928125 0.2763671875 0.4482113484375
0 0.294921875 0.45212016874999994 0.2919921875 0.4482113484375 0.2841796875 0.4482113484375 0.28125 0.45212016874999994 0.279296875 0.47557308750000005 0.2841796875 0.4820877875 0.296875 0.48078484843749997 0.30078125 0.47296720781249996 0.298828125 0.46775544843750005 0.294921875 0.46514956874999996 0.294921875 0.45212016874999994