0 0.1865234375 0.3074938328125 0.1748046875 0.3100997125 0.1728515625 0.3127055921875 0.1650390625 0.3127055921875 0.1552734375 0.3179173515625 0.146484375 0.33485557187500004 0.1474609375 0.3413702703125 0.1787109375 0.3413702703125 0.1806640625 0.3387643921875 0.1826171875 0.3413702703125 0.197265625 0.34006733125 0.201171875 0.32964381249999997 0.201171875 0.3244320515625 0.1943359375 0.3127055921875 0.1865234375 0.3074938328125
0 0.1826171875 0.4247584296875 0.185546875 0.4182437296875 0.18359375 0.40782020937499996 0.177734375 0.40000257031249997 0.177734375 0.394790809375 0.1865234375 0.390881990625 0.19140625 0.3817614109375 0.19140625 0.36612613125000004 0.1875 0.3557026109375 0.1826171875 0.351793790625 0.1513671875 0.3491879109375 0.13671875 0.36612613125000004 0.1328125 0.37654964999999996 0.1328125 0.40000257031249997 0.1396484375 0.41172902968749997 0.150390625 0.4182437296875 0.146484375 0.42866725 0.146484375 0.457331928125 0.1513671875 0.46384662812500005 0.162109375 0.4625436875 0.1669921875 0.46124074843749996 0.177734375 0.44430252968749995 0.177734375 0.42866725 0.1826171875 0.4247584296875
0 0.259765625 0.34006733125 0.255859375 0.32703793124999997 0.2490234375 0.3179173515625 0.2373046875 0.3179173515625 0.2275390625 0.328340871875 0.2177734375 0.32052323125000004 0.2099609375 0.32052323125000004 0.2060546875 0.3231291125 0.203125 0.33746145156249996 0.20703125 0.3478849703125 0.20703125 0.358308490625 0.2119140625 0.3622173109375 0.2197265625 0.3622173109375 0.2333984375 0.3752467109375 0.240234375 0.37394377031250003 0.2451171875 0.364823190625 0.2529296875 0.3622173109375 0.2578125 0.35309673125 0.259765625 0.34006733125
0 0.2529296875 0.3804584703125 0.2451171875 0.3752467109375 0.2255859375 0.377852590625 0.2197265625 0.3674290703125 0.2158203125 0.3674290703125 0.2138671875 0.364823190625 0.2041015625 0.3674290703125 0.197265625 0.37394377031250003 0.193359375 0.384367290625 0.193359375 0.394790809375 0.2021484375 0.40912315 0.2119140625 0.40912315 0.2216796875 0.41433490937500006 0.2275390625 0.41433490937500006 0.2294921875 0.41172902968749997 0.2353515625 0.4169407890625 0.244140625 0.41563785 0.2509765625 0.41172902968749997 0.255859375 0.40521432968750004 0.2578125 0.38957905 0.2529296875 0.3804584703125
0 0.2197265625 0.4534231078125 0.2294921875 0.45081722968750004 0.234375 0.4416966484375 0.234375 0.433879009375 0.232421875 0.4312731296875 0.23046875 0.4182437296875 0.2255859375 0.41433490937500006 0.2158203125 0.41433490937500006 0.2138671875 0.41172902968749997 0.2060546875 0.41172902968749997 0.2041015625 0.40912315 0.1982421875 0.41172902968749997 0.197265625 0.41563785 0.1923828125 0.4195466703125 0.1796875 0.43909076875 0.177734375 0.45472604843750003 0.17578125 0.457331928125 0.17578125 0.470361328125 0.1796875 0.470361328125 0.2001953125 0.46645250781250003 0.2138671875 0.45081722968750004 0.2177734375 0.45081722968750004 0.2197265625 0.4534231078125
0 0.265625 0.46775544843750005 0.267578125 0.45212016874999994 0.2626953125 0.4377878296875 0.2509765625 0.4299701890625 0.2431640625 0.43257606875 0.234375 0.4416966484375 0.234375 0.4469084078125 0.2314453125 0.4534231078125 0.2236328125 0.4534231078125 0.216796875 0.45993780781250004 0.212890625 0.47296720781249996 0.21484375 0.47557308750000005 0.21484375 0.483390728125 0.2216796875 0.4925113078125 0.23046875 0.4912083671875 0.2412109375 0.489905428125 0.2548828125 0.47687602812499996 0.2607421875 0.4742701484375 0.265625 0.46775544843750005
0 0.2119140625 0.48469366718750007 0.2080078125 0.4820877875 0.2001953125 0.4820877875 0.1923828125 0.47166426875 0.1728515625 0.47166426875 0.1708984375 0.4742701484375 0.1669921875 0.4742701484375 0.15625 0.4886024875 0.154296875 0.5094495265625001 0.158203125 0.519873046875 0.1650390625 0.526387746875 0.1748046875 0.526387746875 0.1845703125 0.51857010625 0.1884765625 0.51857010625 0.1962890625 0.5289936265625 0.208984375 0.5276906875 0.212890625 0.5224789265625 0.216796875 0.5094495265625001 0.216796875 0.4990260078125 0.2119140625 0.48469366718750007
0 0.4326171875 0.31531147187499997 0.4228515625 0.3100997125 0.4189453125 0.304887953125 0.4072265625 0.304887953125 0.3984375 0.3166144125 0.39453125 0.34267321093750003 0.4052734375 0.35439967031249997 0.419921875 0.35309673125 0.4267578125 0.3491879109375 0.4375 0.33485557187500004 0.439453125 0.3244320515625 0.4326171875 0.31531147187499997
0 0.4267578125 0.28925267187500003 0.421875 0.295767371875 0.419921875 0.3061908921875 0.4365234375 0.3231291125 0.439453125 0.321826171875 0.447265625 0.308796771875 0.4453125 0.29837325312499996 0.4365234375 0.28925267187500003 0.4267578125 0.28925267187500003
0 0.478515625 0.3478849703125 0.474609375 0.33485557187500004 0.470703125 0.32964381249999997 0.470703125 0.3244320515625 0.482421875 0.3114026515625 0.484375 0.295767371875 0.4755859375 0.28143503281250004 0.4619140625 0.28143503281250004 0.455078125 0.28794973281249997 0.451171875 0.295767371875 0.451171875 0.30358501250000003 0.44140625 0.3192202921875 0.44140625 0.32703793124999997 0.435546875 0.34006733125 0.435546875 0.3557026109375 0.44140625 0.36873201093749997 0.4501953125 0.377852590625 0.4541015625 0.377852590625 0.4560546875 0.3804584703125 0.46484375 0.3791555296875 0.4765625 0.36612613125000004 0.4765625 0.358308490625 0.478515625 0.3557026109375 0.478515625 0.3478849703125
0 0.529296875 0.3244320515625 0.537109375 0.3061908921875 0.537109375 0.295767371875 0.53515625 0.2905556125 0.5263671875 0.278829153125 0.5146484375 0.278829153125 0.5009765625 0.2944644328125 0.4892578125 0.2944644328125 0.484375 0.3009791328125 0.484375 0.3166144125 0.5 0.3322496921875 0.50390625 0.358308490625 0.5126953125 0.3674290703125 0.533203125 0.36612613125000004 0.5390625 0.3557026109375 0.537109375 0.33485557187500004 0.53515625 0.32964381249999997 0.529296875 0.3244320515625
0 0.5546875 0.3791555296875 0.5517578125 0.3726408296875 0.5380859375 0.3726408296875 0.533203125 0.3791555296875 0.533203125 0.384367290625 0.53125 0.3869731703125 0.53125 0.41563785 0.52734375 0.42345548906249997 0.52734375 0.43909076875 0.533203125 0.457331928125 0.5361328125 0.46124074843749996 0.541015625 0.45993780781250004 0.546875 0.4469084078125 0.546875 0.42606136875 0.5546875 0.4130319703125 0.5546875 0.3791555296875
0 0.533203125 0.457331928125 0.5263671875 0.4482113484375 0.5185546875 0.44299958906250003 0.5048828125 0.44299958906250003 0.4970703125 0.45081722968750004 0.4892578125 0.45081722968750004 0.484375 0.45993780781250004 0.486328125 0.470361328125 0.4951171875 0.47687602812499996 0.4970703125 0.4742701484375 0.5087890625 0.4925113078125 0.515625 0.4912083671875 0.5224609375 0.487299546875 0.53125 0.47557308750000005 0.533203125 0.470361328125 0.533203125 0.457331928125
0 0.490234375 0.4312731296875 0.5 0.42345548906249997 0.5 0.40782020937499996 0.505859375 0.40000257031249997 0.505859375 0.394790809375 0.5078125 0.3921849296875 0.5078125 0.3791555296875 0.4970703125 0.3674290703125 0.4853515625 0.3674290703125 0.474609375 0.3791555296875 0.47265625 0.384367290625 0.47265625 0.40260844999999995 0.466796875 0.40782020937499996 0.4609375 0.42345548906249997 0.4609375 0.4364848890625 0.458984375 0.43909076875 0.462890625 0.45212016874999994 0.4716796875 0.46124074843749996 0.4765625 0.45993780781250004 0.4833984375 0.4560289875 0.48828125 0.4495142890625 0.490234375 0.44430252968749995 0.490234375 0.4312731296875
0 0.458984375 0.43909076875 0.458984375 0.433879009375 0.451171875 0.4182437296875 0.451171875 0.41042608906250005 0.455078125 0.40260844999999995 0.455078125 0.38957905 0.4501953125 0.377852590625 0.4384765625 0.37003495000000003 0.4306640625 0.37003495000000003 0.42578125 0.37654964999999996 0.421875 0.38957905 0.423828125 0.40782020937499996 0.4169921875 0.41172902968749997 0.412109375 0.4182437296875 0.40625 0.43909076875 0.40625 0.45212016874999994 0.408203125 0.457331928125 0.4169921875 0.46384662812500005 0.421875 0.4625436875 0.4345703125 0.45863486875000004 0.4404296875 0.45081722968750004 0.4521484375 0.4534231078125 0.458984375 0.43909076875
0 0.4052734375 0.35439967031249997 0.4013671875 0.35439967031249997 0.3994140625 0.351793790625 0.390625 0.3609143703125 0.390625 0.37394377031250003 0.39453125 0.3817614109375 0.392578125 0.3869731703125 0.392578125 0.40000257031249997 0.4013671875 0.41172902968749997 0.412109375 0.41042608906250005 0.41796875 0.40000257031249997 0.41796875 0.37654964999999996 0.4140625 0.36352025 0.4052734375 0.35439967031249997
0 0.7265625 0.371337890625 0.728515625 0.36612613125000004 0.73046875 0.34006733125 0.7255859375 0.33355263125 0.7216796875 0.33094675156250003 0.7099609375 0.33355263125 0.6982421875 0.3439761515625 0.697265625 0.34006733125 0.6884765625 0.33094675156250003 0.6748046875 0.33094675156250003 0.6708984375 0.33355263125 0.6640625 0.3452790921875 0.662109375 0.3609143703125 0.666015625 0.371337890625 0.6728515625 0.3804584703125 0.681640625 0.384367290625 0.681640625 0.394790809375 0.6884765625 0.4039113890625 0.697265625 0.40260844999999995 0.703125 0.394790809375 0.7080078125 0.3804584703125 0.7197265625 0.3804584703125 0.7265625 0.371337890625
0 0.7724609375 0.37003495000000003 0.7685546875 0.37003495000000003 0.765625 0.36612613125000004 0.765625 0.358308490625 0.7607421875 0.3491879109375 0.7529296875 0.3439761515625 0.7451171875 0.3439761515625 0.7373046875 0.3491879109375 0.73046875 0.36612613125000004 0.734375 0.3817614109375 0.7421875 0.394790809375 0.7509765625 0.4039113890625 0.7568359375 0.4039113890625 0.7646484375 0.41172902968749997 0.771484375 0.41042608906250005 0.7783203125 0.40651727031249996 0.78125 0.40000257031249997 0.78125 0.3817614109375 0.7724609375 0.37003495000000003
0 0.76171875 0.493814246875 0.759765625 0.4912083671875 0.759765625 0.4859966078125 0.7646484375 0.48469366718750007 0.7666015625 0.487299546875 0.7705078125 0.487299546875 0.7802734375 0.4820877875 0.7890625 0.46514956874999996 0.79296875 0.4495142890625 0.791015625 0.4469084078125 0.791015625 0.4416966484375 0.7861328125 0.4351819484375 0.7744140625 0.43257606875 0.7724609375 0.4299701890625 0.7626953125 0.4299701890625 0.7587890625 0.43257606875 0.7529296875 0.41433490937500006 0.7451171875 0.40912315 0.7353515625 0.40912315 0.7294921875 0.41433490937500006 0.7265625 0.420849609375 0.7265625 0.43909076875 0.736328125 0.45212016874999994 0.736328125 0.45472604843750003 0.7294921875 0.46124074843749996 0.724609375 0.470361328125 0.724609375 0.47557308750000005 0.728515625 0.48078484843749997 0.724609375 0.5094495265625001 0.7333984375 0.5237818671875 0.7373046875 0.526387746875 0.744140625 0.52508480625 0.7548828125 0.5237818671875 0.7578125 0.519873046875 0.76171875 0.5094495265625001 0.76171875 0.493814246875
0 0.720703125 0.4990260078125 0.720703125 0.493814246875 0.71484375 0.4859966078125 0.71484375 0.47296720781249996 0.708984375 0.46775544843750005 0.708984375 0.4469084078125 0.7021484375 0.4351819484375 0.6982421875 0.43257606875 0.6904296875 0.43257606875 0.68359375 0.4416966484375 0.68359375 0.45212016874999994 0.6748046875 0.45863486875000004 0.66796875 0.46775544843750005 0.666015625 0.47296720781249996 0.666015625 0.483390728125 0.66796875 0.4886024875 0.6767578125 0.4977230671875 0.69140625 0.4990260078125 0.69140625 0.5146612875 0.6953125 0.5276906875 0.7001953125 0.5342053875 0.7041015625 0.5368112671875 0.71484375 0.5355083265625 0.720703125 0.5276906875 0.724609375 0.5146612875 0.72265625 0.5016318875 0.720703125 0.4990260078125
0 0.66796875 0.41042608906250005 0.66796875 0.40521432968750004 0.673828125 0.394790809375 0.673828125 0.3869731703125 0.6669921875 0.3752467109375 0.6630859375 0.3726408296875 0.6552734375 0.3726408296875 0.650390625 0.3791555296875 0.646484375 0.38957905 0.646484375 0.394790809375 0.642578125 0.40260844999999995 0.642578125 0.41042608906250005 0.638671875 0.41563785 0.638671875 0.42606136875 0.6416015625 0.4299701890625 0.650390625 0.433879009375 0.650390625 0.4416966484375 0.6572265625 0.4534231078125 0.6611328125 0.4560289875 0.671875 0.45472604843750003 0.6796875 0.4416966484375 0.6796875 0.42866725 0.67578125 0.4182437296875 0.66796875 0.41042608906250005
0 0.9658203125 0.35439967031249997 0.97265625 0.34267321093750003 0.974609375 0.3244320515625 0.9677734375 0.3127055921875 0.9599609375 0.3074938328125 0.9541015625 0.3074938328125 0.9501953125 0.3127055921875 0.9443359375 0.31531147187499997 0.943359375 0.3114026515625 0.9453125 0.308796771875 0.9453125 0.30358501250000003 0.939453125 0.285343853125 0.9306640625 0.27361739375 0.9189453125 0.2710115125 0.908203125 0.2827379734375 0.904296875 0.2931614921875 0.908203125 0.3114026515625 0.9140625 0.3244320515625 0.9140625 0.32964381249999997 0.919921875 0.34267321093750003 0.919921875 0.3478849703125 0.9248046875 0.35439967031249997 0.9287109375 0.3491879109375 0.9384765625 0.364823190625 0.943359375 0.36612613125000004 0.9482421875 0.364823190625 0.9521484375 0.3570055515625 0.9619140625 0.3570055515625 0.9658203125 0.35439967031249997
0 0.998046875 0.30358501250000003 0.998046875 0.285343853125 0.9873046875 0.2684056328125 0.9794921875 0.2684056328125 0.970703125 0.2801320921875 0.96875 0.28794973281249997 0.9658203125 0.29185855312500003 0.9580078125 0.29185855312500003 0.95703125 0.29837325312499996 0.9609375 0.308796771875 0.9775390625 0.328340871875 0.9814453125 0.33094675156250003 0.986328125 0.32964381249999997 0.98828125 0.32703793124999997 0.98828125 0.3166144125 0.9951171875 0.3100997125 0.998046875 0.30358501250000003
0 0.998046875 0.36612613125000004 1 0.3609143703125 0.9970703125 0.3570055515625 0.9931640625 0.3570055515625 0.9921875 0.36352025 0.98828125 0.36873201093749997 0.9833984375 0.38306435 0.9765625 0.37654964999999996 0.974609375 0.36352025 0.9697265625 0.3570055515625 0.9580078125 0.3570055515625 0.9560546875 0.35961143125 0.9521484375 0.35961143125 0.9443359375 0.3726408296875 0.9365234375 0.364823190625 0.9306640625 0.364823190625 0.927734375 0.371337890625 0.94140625 0.4130319703125 0.9462890625 0.4195466703125 0.9501953125 0.4195466703125 0.9580078125 0.4247584296875 0.9619140625 0.42215255 0.9677734375 0.427364309375 0.96875 0.4495142890625 0.9755859375 0.45863486875000004 0.984375 0.457331928125 0.990234375 0.45212016874999994 0.9921875 0.433879009375 0.998046875 0.42866725 0.998046875 0.36612613125000004