0 0.244140625 0.40260844999999995 0.2421875 0.3869731703125 0.2333984375 0.377852590625 0.2255859375 0.377852590625 0.2119140625 0.3856702296875 0.203125 0.397396690625 0.203125 0.40782020937499996 0.205078125 0.4130319703125 0.2177734375 0.427364309375 0.2275390625 0.43257606875 0.23046875 0.4312731296875 0.2353515625 0.427364309375 0.2490234375 0.4247584296875 0.251953125 0.4182437296875 0.244140625 0.40260844999999995
0 0.2666015625 0.3726408296875 0.2568359375 0.37003495000000003 0.2490234375 0.3752467109375 0.244140625 0.3817614109375 0.2421875 0.394790809375 0.24609375 0.40782020937499996 0.2529296875 0.4169407890625 0.265625 0.41563785 0.275390625 0.40782020937499996 0.27734375 0.40260844999999995 0.27734375 0.38957905 0.2666015625 0.3726408296875
0 0.232421875 0.4312731296875 0.232421875 0.4364848890625 0.2373046875 0.44299958906250003 0.24609375 0.4416966484375 0.25 0.4364848890625 0.2490234375 0.4247584296875 0.2412109375 0.4247584296875 0.232421875 0.4312731296875
0 0.2421875 0.457331928125 0.2353515625 0.440393709375 0.2255859375 0.43257606875 0.2158203125 0.43257606875 0.20703125 0.4416966484375 0.201171875 0.457331928125 0.201171875 0.470361328125 0.2060546875 0.4820877875 0.2119140625 0.48469366718750007 0.2158203125 0.489905428125 0.228515625 0.493814246875 0.23046875 0.4886024875 0.240234375 0.47817896718749997 0.2421875 0.47296720781249996 0.2421875 0.457331928125
0 0.2041015625 0.4794819078125 0.1923828125 0.4820877875 0.1865234375 0.487299546875 0.18359375 0.493814246875 0.18359375 0.5094495265625001 0.185546875 0.5146612875 0.1943359375 0.5237818671875 0.20703125 0.5224789265625 0.2158203125 0.513358346875 0.2255859375 0.5081465875 0.2265625 0.5016318875 0.2041015625 0.4794819078125
0 0.2294921875 0.5081465875 0.2236328125 0.5081465875 0.2158203125 0.513358346875 0.205078125 0.52508480625 0.208984375 0.5407200859375 0.2158203125 0.5472347859375 0.220703125 0.5459318453125 0.2275390625 0.5420230265625 0.234375 0.5302965671875 0.234375 0.5172671671875 0.2294921875 0.5081465875
0 0.27734375 0.4912083671875 0.2724609375 0.4794819078125 0.2666015625 0.4794819078125 0.2548828125 0.487299546875 0.2451171875 0.489905428125 0.23828125 0.5068436468749999 0.23828125 0.5146612875 0.244140625 0.5302965671875 0.2509765625 0.5394171453125 0.2548828125 0.5420230265625 0.2578125 0.5407200859375 0.2626953125 0.5394171453125 0.275390625 0.519873046875 0.275390625 0.493814246875 0.27734375 0.4912083671875
0 0.275390625 0.46514956874999996 0.2724609375 0.4560289875 0.2646484375 0.45081722968750004 0.2548828125 0.45081722968750004 0.2529296875 0.4534231078125 0.2490234375 0.4534231078125 0.244140625 0.45993780781250004 0.244140625 0.47557308750000005 0.24609375 0.48078484843749997 0.2509765625 0.487299546875 0.255859375 0.4859966078125 0.2666015625 0.4794819078125 0.2705078125 0.4794819078125 0.275390625 0.47296720781249996 0.275390625 0.46514956874999996
0 0.306640625 0.46775544843750005 0.2958984375 0.4560289875 0.2783203125 0.4534231078125 0.275390625 0.457331928125 0.275390625 0.47296720781249996 0.279296875 0.48078484843749997 0.28125 0.4912083671875 0.2880859375 0.5003289468750001 0.2919921875 0.502934828125 0.296875 0.5016318875 0.3076171875 0.4951171875 0.310546875 0.4886024875 0.310546875 0.47817896718749997 0.306640625 0.46775544843750005
0 0.2919921875 0.4039113890625 0.2841796875 0.4039113890625 0.2734375 0.41563785 0.271484375 0.4416966484375 0.2783203125 0.4534231078125 0.296875 0.45212016874999994 0.302734375 0.4364848890625 0.302734375 0.4182437296875 0.2958984375 0.40651727031249996 0.2919921875 0.4039113890625
0 0.0166015625 0.37003495000000003 0.009765625 0.3791555296875 0.005859375 0.38957905 0.005859375 0.40521432968750004 0.009765625 0.41563785 0.0146484375 0.42215255 0.01953125 0.420849609375 0.03515625 0.384367290625 0.03515625 0.3791555296875 0.0263671875 0.37003495000000003 0.0166015625 0.37003495000000003
0 0 0.470361328125 0.001953125 0.470361328125 0.01953125 0.420849609375 0.0234375 0.41563785 0.029296875 0.40000257031249997 0.029296875 0.394790809375 0.03515625 0.384367290625 0.03515625 0.3791555296875 0.0263671875 0.37003495000000003 0.0166015625 0.37003495000000003 0.009765625 0.3791555296875 0.005859375 0.38957905 0.005859375 0.40521432968750004 0.009765625 0.4130319703125 0.009765625 0.42345548906249997 0.005859375 0.4312731296875 0.005859375 0.4364848890625 0 0.43909076875 0 0.470361328125
0 0.48046875 0.3921849296875 0.4765625 0.3817614109375 0.4697265625 0.3752467109375 0.4658203125 0.3752467109375 0.4619140625 0.3804584703125 0.4580078125 0.3804584703125 0.4560546875 0.377852590625 0.4423828125 0.377852590625 0.4296875 0.3921849296875 0.4296875 0.397396690625 0.427734375 0.40000257031249997 0.427734375 0.4182437296875 0.4296875 0.42345548906249997 0.4423828125 0.43257606875 0.455078125 0.4312731296875 0.4580078125 0.4299701890625 0.478515625 0.40000257031249997 0.478515625 0.394790809375 0.48046875 0.3921849296875
0 0.458984375 0.3452790921875 0.458984375 0.32964381249999997 0.45703125 0.32703793124999997 0.4560546875 0.3179173515625 0.4462890625 0.32052323125000004 0.4306640625 0.3361585125 0.42578125 0.3504908515625 0.427734375 0.36612613125000004 0.4326171875 0.3726408296875 0.4365234375 0.3752467109375 0.447265625 0.37394377031250003 0.45703125 0.36352025 0.4609375 0.35309673125 0.4609375 0.3478849703125 0.458984375 0.3452790921875
0 0.4619140625 0.31531147187499997 0.4580078125 0.3179173515625 0.45703125 0.32964381249999997 0.458984375 0.3322496921875 0.458984375 0.3478849703125 0.4609375 0.35309673125 0.474609375 0.35309673125 0.482421875 0.34006733125 0.48046875 0.3244320515625 0.4716796875 0.31531147187499997 0.4619140625 0.31531147187499997
0 0.51953125 0.3244320515625 0.515625 0.3140085328125 0.5029296875 0.304887953125 0.4931640625 0.3074938328125 0.486328125 0.3166144125 0.482421875 0.32964381249999997 0.486328125 0.3452790921875 0.4970703125 0.3570055515625 0.513671875 0.3557026109375 0.517578125 0.3504908515625 0.517578125 0.34267321093750003 0.51953125 0.34006733125 0.51953125 0.3244320515625
0 0.53515625 0.321826171875 0.5302734375 0.3179173515625 0.5205078125 0.32052323125000004 0.517578125 0.32703793124999997 0.517578125 0.3504908515625 0.515625 0.35309673125 0.5185546875 0.3570055515625 0.51953125 0.3557026109375 0.5302734375 0.351793790625 0.537109375 0.34267321093750003 0.537109375 0.32703793124999997 0.53515625 0.321826171875
0 0.5537109375 0.3491879109375 0.5458984375 0.3439761515625 0.5380859375 0.3439761515625 0.5302734375 0.351793790625 0.513671875 0.3609143703125 0.513671875 0.371337890625 0.5205078125 0.3804584703125 0.5244140625 0.3804584703125 0.5341796875 0.390881990625 0.546875 0.38957905 0.5546875 0.3817614109375 0.560546875 0.36873201093749997 0.560546875 0.3609143703125 0.5537109375 0.3491879109375
0 0.513671875 0.38957905 0.513671875 0.384367290625 0.5107421875 0.3804584703125 0.4990234375 0.3804584703125 0.494140625 0.3869731703125 0.4921875 0.3921849296875 0.4921875 0.40782020937499996 0.4970703125 0.41172902968749997 0.498046875 0.41042608906250005 0.501953125 0.40521432968750004 0.501953125 0.40000257031249997 0.5068359375 0.3934878703125 0.513671875 0.38957905
0 0.54296875 0.40521432968750004 0.5390625 0.397396690625 0.5302734375 0.38827611093750003 0.5263671875 0.38827611093750003 0.5244140625 0.3856702296875 0.5107421875 0.38827611093750003 0.5068359375 0.390881990625 0.501953125 0.397396690625 0.5 0.40521432968750004 0.49609375 0.40782020937499996 0.5126953125 0.43257606875 0.5205078125 0.4377878296875 0.525390625 0.4364848890625 0.5302734375 0.4351819484375 0.537109375 0.42606136875 0.54296875 0.4130319703125 0.54296875 0.40521432968750004
0 0.51171875 0.42866725 0.4951171875 0.40912315 0.4833984375 0.40912315 0.474609375 0.42345548906249997 0.474609375 0.43909076875 0.48046875 0.45472604843750003 0.4853515625 0.46124074843749996 0.4892578125 0.46384662812500005 0.4921875 0.4625436875 0.4970703125 0.46124074843749996 0.5078125 0.4495142890625 0.51171875 0.43909076875 0.51171875 0.42866725
0 0.552734375 0.4625436875 0.5546875 0.4495142890625 0.5458984375 0.4351819484375 0.5361328125 0.43257606875 0.5263671875 0.4377878296875 0.51953125 0.4469084078125 0.517578125 0.45993780781250004 0.513671875 0.46775544843750005 0.51171875 0.47817896718749997 0.525390625 0.48078484843749997 0.5322265625 0.47687602812499996 0.5419921875 0.47687602812499996 0.5478515625 0.47166426875 0.552734375 0.4625436875
0 0.5068359375 0.45081722968750004 0.501953125 0.45993780781250004 0.501953125 0.47296720781249996 0.5068359375 0.4794819078125 0.51171875 0.47817896718749997 0.517578125 0.45993780781250004 0.517578125 0.45212016874999994 0.5146484375 0.4482113484375 0.5068359375 0.45081722968750004
0 0.548828125 0.4859966078125 0.5380859375 0.47687602812499996 0.5341796875 0.47687602812499996 0.5263671875 0.4820877875 0.5166015625 0.4820877875 0.513671875 0.4859966078125 0.513671875 0.4912083671875 0.51953125 0.5016318875 0.51953125 0.5120554078125 0.5302734375 0.5237818671875 0.537109375 0.5224789265625 0.546875 0.5120554078125 0.55078125 0.5016318875 0.55078125 0.4912083671875 0.548828125 0.4859966078125
0 0.7646484375 0.51857010625 0.7529296875 0.51857010625 0.7431640625 0.5237818671875 0.736328125 0.5355083265625 0.736328125 0.5407200859375 0.734375 0.5433259671874999 0.736328125 0.556355365625 0.7431640625 0.5680818249999999 0.7470703125 0.5706877046875001 0.7578125 0.569384765625 0.76171875 0.5615671250000001 0.7578125 0.5355083265625 0.767578125 0.5224789265625 0.7646484375 0.51857010625
0 0.7998046875 0.487299546875 0.7880859375 0.4820877875 0.7861328125 0.48469366718750007 0.7822265625 0.48469366718750007 0.7744140625 0.4951171875 0.7724609375 0.4925113078125 0.765625 0.496420128125 0.763671875 0.5016318875 0.763671875 0.5120554078125 0.7666015625 0.51857010625 0.7890625 0.5172671671875 0.8056640625 0.5159642265625 0.810546875 0.5094495265625001 0.80859375 0.5016318875 0.7998046875 0.487299546875
0 0.7236328125 0.5003289468750001 0.7138671875 0.4977230671875 0.701171875 0.5146612875 0.701171875 0.532902446875 0.7138671875 0.5472347859375 0.7265625 0.5459318453125 0.7314453125 0.5420230265625 0.734375 0.5355083265625 0.734375 0.519873046875 0.7236328125 0.5003289468750001
0 0.7236328125 0.4742701484375 0.720703125 0.47817896718749997 0.720703125 0.4886024875 0.71875 0.4912083671875 0.7265625 0.5016318875 0.7333984375 0.51857010625 0.744140625 0.5172671671875 0.75 0.5094495265625001 0.75 0.4990260078125 0.7353515625 0.4794819078125 0.7236328125 0.4742701484375
0 0.71875 0.48078484843749997 0.716796875 0.46514956874999996 0.708984375 0.45212016874999994 0.7041015625 0.4482113484375 0.6904296875 0.4482113484375 0.6796875 0.45993780781250004 0.6796875 0.47296720781249996 0.6875 0.48078484843749997 0.689453125 0.4859966078125 0.6875 0.493814246875 0.6904296875 0.4977230671875 0.6982421875 0.502934828125 0.70703125 0.5016318875 0.7099609375 0.5003289468750001 0.716796875 0.4886024875 0.716796875 0.483390728125 0.71875 0.48078484843749997
0 0.7216796875 0.4482113484375 0.716796875 0.45212016874999994 0.716796875 0.46514956874999996 0.7197265625 0.46905838749999995 0.7314453125 0.47687602812499996 0.736328125 0.47557308750000005 0.740234375 0.46775544843750005 0.740234375 0.45472604843750003 0.7353515625 0.4482113484375 0.7216796875 0.4482113484375
0 0.7109375 0.397396690625 0.7041015625 0.38827611093750003 0.6904296875 0.38827611093750003 0.6826171875 0.3934878703125 0.677734375 0.40000257031249997 0.67578125 0.4130319703125 0.6796875 0.42606136875 0.6845703125 0.43257606875 0.6884765625 0.43257606875 0.6904296875 0.4351819484375 0.69921875 0.433879009375 0.7109375 0.42345548906249997 0.712890625 0.40521432968750004 0.7109375 0.40260844999999995 0.7109375 0.397396690625
0 0.7392578125 0.39609375 0.7353515625 0.39609375 0.7236328125 0.38827611093750003 0.7138671875 0.38827611093750003 0.7109375 0.3921849296875 0.7109375 0.40260844999999995 0.712890625 0.40521432968750004 0.71484375 0.420849609375 0.7255859375 0.4377878296875 0.7314453125 0.44299958906250003 0.734375 0.4416966484375 0.7373046875 0.440393709375 0.748046875 0.42345548906249997 0.74609375 0.40782020937499996 0.7392578125 0.39609375
0 0.740234375 0.3504908515625 0.7275390625 0.3413702703125 0.7197265625 0.3439761515625 0.716796875 0.3504908515625 0.716796875 0.371337890625 0.71875 0.37654964999999996 0.7255859375 0.38306435 0.7314453125 0.38306435 0.7333984375 0.3856702296875 0.740234375 0.384367290625 0.740234375 0.371337890625 0.73828125 0.36873201093749997 0.740234375 0.36352025 0.740234375 0.3504908515625
0 0.7646484375 0.3361585125 0.7490234375 0.3361585125 0.7451171875 0.3387643921875 0.740234375 0.3478849703125 0.740234375 0.3609143703125 0.744140625 0.371337890625 0.744140625 0.384367290625 0.765625 0.384367290625 0.77734375 0.36873201093749997 0.779296875 0.36352025 0.779296875 0.35309673125 0.7646484375 0.3361585125
0 0.78125 0.40260844999999995 0.7763671875 0.39609375 0.7705078125 0.390881990625 0.7607421875 0.38827611093750003 0.75390625 0.397396690625 0.75390625 0.40260844999999995 0.75 0.4130319703125 0.75 0.42606136875 0.7568359375 0.440393709375 0.7607421875 0.44299958906250003 0.771484375 0.4416966484375 0.783203125 0.42866725 0.78515625 0.42345548906249997 0.78515625 0.4130319703125 0.78125 0.40260844999999995
0 0.8037109375 0.41433490937500006 0.7900390625 0.41433490937500006 0.771484375 0.4469084078125 0.7763671875 0.4534231078125 0.7880859375 0.46124074843749996 0.7939453125 0.46124074843749996 0.7958984375 0.46384662812500005 0.802734375 0.4625436875 0.814453125 0.4495142890625 0.81640625 0.44430252968749995 0.81640625 0.4312731296875 0.8037109375 0.41433490937500006
0 0.7841796875 0.45863486875000004 0.7763671875 0.4534231078125 0.7734375 0.457331928125 0.7734375 0.470361328125 0.7802734375 0.4794819078125 0.7841796875 0.4794819078125 0.7861328125 0.4820877875 0.7890625 0.48078484843749997 0.794921875 0.47557308750000005 0.796875 0.4625436875 0.7900390625 0.45863486875000004 0.7841796875 0.45863486875000004