0 0.2490234375 0.33094675156250003 0.240234375 0.33746145156249996 0.240234375 0.3478849703125 0.2421875 0.35309673125 0.2451171875 0.3570055515625 0.251953125 0.3557026109375 0.259765625 0.34267321093750003 0.259765625 0.33485557187500004 0.2568359375 0.33094675156250003 0.2490234375 0.33094675156250003
0 0.26171875 0.40260844999999995 0.26171875 0.397396690625 0.2568359375 0.390881990625 0.2529296875 0.390881990625 0.248046875 0.397396690625 0.2470703125 0.4039113890625 0.2392578125 0.40130550937500004 0.234375 0.40782020937499996 0.234375 0.41563785 0.2373046875 0.4195466703125 0.2431640625 0.4195466703125 0.2470703125 0.4247584296875 0.25 0.42345548906249997 0.25390625 0.420849609375 0.255859375 0.41042608906250005 0.2587890625 0.40912315 0.26171875 0.40260844999999995
0 0.2646484375 0.3986996296875 0.255859375 0.4130319703125 0.255859375 0.42345548906249997 0.2587890625 0.427364309375 0.263671875 0.42606136875 0.2734375 0.41563785 0.2734375 0.40782020937499996 0.2685546875 0.3986996296875 0.2646484375 0.3986996296875
0 0.2763671875 0.3752467109375 0.2744140625 0.377852590625 0.2666015625 0.3752467109375 0.259765625 0.3817614109375 0.259765625 0.3869731703125 0.2666015625 0.39609375 0.2724609375 0.3934878703125 0.2783203125 0.4039113890625 0.283203125 0.40260844999999995 0.287109375 0.397396690625 0.287109375 0.38957905 0.2822265625 0.3752467109375 0.2763671875 0.3752467109375
0 0.26953125 0.3478849703125 0.2666015625 0.3439761515625 0.2607421875 0.3439761515625 0.251953125 0.3557026109375 0.251953125 0.3609143703125 0.2568359375 0.37003495000000003 0.263671875 0.36873201093749997 0.267578125 0.36612613125000004 0.267578125 0.3609143703125 0.26953125 0.358308490625 0.26953125 0.3478849703125
0 0.2890625 0.3478849703125 0.2802734375 0.3413702703125 0.2744140625 0.3413702703125 0.26953125 0.3478849703125 0.271484375 0.358308490625 0.267578125 0.36352025 0.267578125 0.36873201093749997 0.2705078125 0.3726408296875 0.2744140625 0.3752467109375 0.27734375 0.37394377031250003 0.28125 0.36873201093749997 0.28125 0.3609143703125 0.2890625 0.35309673125 0.2890625 0.3478849703125
0 0.5185546875 0.34658203125 0.505859375 0.358308490625 0.505859375 0.371337890625 0.5087890625 0.3752467109375 0.517578125 0.37394377031250003 0.5302734375 0.3726408296875 0.53515625 0.36352025 0.5244140625 0.34658203125 0.5185546875 0.34658203125
0 0.517578125 0.3791555296875 0.5126953125 0.3752467109375 0.5029296875 0.3752467109375 0.4990234375 0.377852590625 0.49609375 0.384367290625 0.49609375 0.38957905 0.501953125 0.397396690625 0.501953125 0.41042608906250005 0.5048828125 0.41433490937500006 0.513671875 0.4130319703125 0.517578125 0.40260844999999995 0.517578125 0.38957905 0.51953125 0.384367290625 0.517578125 0.3791555296875
0 0.5126953125 0.4247584296875 0.5048828125 0.4247584296875 0.5 0.4312731296875 0.498046875 0.4495142890625 0.5009765625 0.4534231078125 0.509765625 0.45212016874999994 0.51171875 0.4469084078125 0.517578125 0.4416966484375 0.517578125 0.433879009375 0.5126953125 0.4247584296875
0 0.537109375 0.40260844999999995 0.5322265625 0.39609375 0.5283203125 0.39609375 0.5224609375 0.40130550937500004 0.5146484375 0.40912315 0.51171875 0.41563785 0.51171875 0.42345548906249997 0.5166015625 0.4299701890625 0.52734375 0.42866725 0.529296875 0.42606136875 0.529296875 0.4182437296875 0.537109375 0.41042608906250005 0.537109375 0.40260844999999995
0 0.7734375 0.3504908515625 0.7705078125 0.3439761515625 0.7646484375 0.3439761515625 0.76171875 0.3478849703125 0.76171875 0.358308490625 0.763671875 0.3609143703125 0.7607421875 0.364823190625 0.7568359375 0.364823190625 0.751953125 0.37654964999999996 0.751953125 0.3817614109375 0.7548828125 0.38827611093750003 0.7587890625 0.390881990625 0.763671875 0.38957905 0.767578125 0.384367290625 0.7685546875 0.377852590625 0.775390625 0.37654964999999996 0.7734375 0.3504908515625
0 0.767578125 0.3791555296875 0.763671875 0.3869731703125 0.763671875 0.40000257031249997 0.7666015625 0.40651727031249996 0.7783203125 0.4039113890625 0.7880859375 0.41172902968749997 0.79296875 0.41042608906250005 0.796875 0.40260844999999995 0.7822265625 0.377852590625 0.7724609375 0.3752467109375 0.767578125 0.3791555296875
0 0.7490234375 0.3856702296875 0.7421875 0.3921849296875 0.7421875 0.40000257031249997 0.74609375 0.40782020937499996 0.74609375 0.4130319703125 0.7509765625 0.42215255 0.759765625 0.420849609375 0.767578125 0.4182437296875 0.767578125 0.40782020937499996 0.7529296875 0.3856702296875 0.7490234375 0.3856702296875