0 0.244140625 0.37654964999999996 0.24609375 0.36612613125000004 0.2431640625 0.35961143125 0.2392578125 0.3570055515625 0.2314453125 0.35961143125 0.2255859375 0.351793790625 0.2197265625 0.351793790625 0.216796875 0.3557026109375 0.216796875 0.37394377031250003 0.208984375 0.384367290625 0.208984375 0.3921849296875 0.2119140625 0.3986996296875 0.2158203125 0.40130550937500004 0.220703125 0.40000257031249997 0.2333984375 0.377852590625 0.2353515625 0.3804584703125 0.2412109375 0.3804584703125 0.244140625 0.37654964999999996
0 0.25 0.41042608906250005 0.25 0.40521432968750004 0.25390625 0.394790809375 0.25390625 0.3817614109375 0.2490234375 0.3752467109375 0.2431640625 0.3752467109375 0.23828125 0.3817614109375 0.23828125 0.40000257031249997 0.23046875 0.40521432968750004 0.228515625 0.4182437296875 0.2353515625 0.4247584296875 0.2392578125 0.42215255 0.2451171875 0.43257606875 0.2490234375 0.4351819484375 0.251953125 0.433879009375 0.2548828125 0.43257606875 0.2578125 0.42606136875 0.255859375 0.41563785 0.25 0.41042608906250005
0 0.224609375 0.40521432968750004 0.2197265625 0.3986996296875 0.2109375 0.40521432968750004 0.2080078125 0.4195466703125 0.1943359375 0.40651727031249996 0.185546875 0.4130319703125 0.185546875 0.420849609375 0.1923828125 0.4299701890625 0.1982421875 0.43257606875 0.2041015625 0.44299958906250003 0.208984375 0.44430252968749995 0.212890625 0.4416966484375 0.21484375 0.4312731296875 0.224609375 0.41563785 0.224609375 0.40521432968750004
0 0.4736328125 0.34658203125 0.4814453125 0.3439761515625 0.484375 0.33746145156249996 0.4775390625 0.3257349921875 0.4560546875 0.3231291125 0.451171875 0.3322496921875 0.455078125 0.34267321093750003 0.451171875 0.35309673125 0.451171875 0.3609143703125 0.4541015625 0.364823190625 0.46484375 0.36352025 0.46875 0.3609143703125 0.470703125 0.3557026109375 0.46875 0.35309673125 0.4736328125 0.34658203125
0 0.515625 0.33485557187500004 0.513671875 0.32703793124999997 0.5087890625 0.3231291125 0.4990234375 0.328340871875 0.4892578125 0.328340871875 0.484375 0.33485557187500004 0.486328125 0.34267321093750003 0.494140625 0.3504908515625 0.4921875 0.35309673125 0.4921875 0.36352025 0.4970703125 0.37003495000000003 0.50390625 0.36873201093749997 0.509765625 0.358308490625 0.505859375 0.3478849703125 0.5126953125 0.3413702703125 0.515625 0.33485557187500004
0 0.5263671875 0.3439761515625 0.5224609375 0.3361585125 0.5166015625 0.3361585125 0.513671875 0.34267321093750003 0.513671875 0.3504908515625 0.5263671875 0.364823190625 0.5302734375 0.364823190625 0.5322265625 0.3674290703125 0.53515625 0.36612613125000004 0.5390625 0.3609143703125 0.5390625 0.35309673125 0.5341796875 0.34658203125 0.5263671875 0.3439761515625
0 0.4775390625 0.3986996296875 0.482421875 0.3921849296875 0.482421875 0.384367290625 0.4755859375 0.377852590625 0.4658203125 0.377852590625 0.4599609375 0.38306435 0.4541015625 0.3726408296875 0.4482421875 0.3726408296875 0.443359375 0.3791555296875 0.443359375 0.384367290625 0.44921875 0.3921849296875 0.451171875 0.40521432968750004 0.4541015625 0.40912315 0.458984375 0.40782020937499996 0.4638671875 0.3986996296875 0.4677734375 0.3986996296875 0.4697265625 0.40130550937500004 0.4775390625 0.3986996296875
0 0.4755859375 0.4195466703125 0.4677734375 0.40651727031249996 0.4599609375 0.40651727031249996 0.45703125 0.41042608906250005 0.45703125 0.420849609375 0.4609375 0.42606136875 0.4609375 0.4416966484375 0.4658203125 0.45081722968750004 0.47265625 0.45212016874999994 0.4755859375 0.45081722968750004 0.478515625 0.44430252968749995 0.48046875 0.42345548906249997 0.4755859375 0.4195466703125
0 0.5078125 0.394790809375 0.5029296875 0.38827611093750003 0.4951171875 0.38827611093750003 0.484375 0.40782020937499996 0.484375 0.4182437296875 0.4873046875 0.42215255 0.4951171875 0.42215255 0.4970703125 0.4195466703125 0.5009765625 0.42215255 0.50390625 0.420849609375 0.5078125 0.4130319703125 0.505859375 0.41042608906250005 0.5078125 0.40782020937499996 0.5078125 0.394790809375
0 0.53515625 0.3791555296875 0.5263671875 0.3726408296875 0.5146484375 0.3752467109375 0.51171875 0.3817614109375 0.51171875 0.38957905 0.517578125 0.397396690625 0.5224609375 0.41172902968749997 0.529296875 0.41042608906250005 0.53515625 0.40260844999999995 0.53515625 0.394790809375 0.533203125 0.3921849296875 0.53515625 0.3791555296875
0 0.5166015625 0.4482113484375 0.51953125 0.43909076875 0.517578125 0.4364848890625 0.517578125 0.4312731296875 0.5087890625 0.42215255 0.5048828125 0.42215255 0.4990234375 0.43257606875 0.4912109375 0.43257606875 0.4873046875 0.4351819484375 0.484375 0.4416966484375 0.486328125 0.45212016874999994 0.498046875 0.45212016874999994 0.5009765625 0.4482113484375 0.5048828125 0.4482113484375 0.5068359375 0.45081722968750004 0.5166015625 0.4482113484375
0 0.74609375 0.42345548906249997 0.7392578125 0.41433490937500006 0.7353515625 0.41433490937500006 0.728515625 0.420849609375 0.728515625 0.4364848890625 0.71875 0.4469084078125 0.71875 0.45472604843750003 0.7236328125 0.46124074843749996 0.7333984375 0.46124074843749996 0.7431640625 0.46905838749999995 0.74609375 0.46775544843750005 0.75 0.4625436875 0.75 0.45212016874999994 0.744140625 0.44430252968749995 0.74609375 0.42345548906249997
0 0.771484375 0.4416966484375 0.7666015625 0.4351819484375 0.7568359375 0.4351819484375 0.751953125 0.43909076875 0.75 0.46514956874999996 0.7548828125 0.47166426875 0.76171875 0.470361328125 0.763671875 0.46775544843750005 0.763671875 0.45993780781250004 0.771484375 0.4495142890625 0.771484375 0.4416966484375
0 0.765625 0.40521432968750004 0.7568359375 0.39609375 0.751953125 0.40000257031249997 0.75 0.41042608906250005 0.74609375 0.4182437296875 0.7587890625 0.43257606875 0.763671875 0.433879009375 0.76953125 0.42866725 0.76953125 0.420849609375 0.765625 0.4130319703125 0.765625 0.40521432968750004