0 0.2041015625 0.40651727031249996 0.205078125 0.4130319703125 0.2119140625 0.4195466703125 0.2177734375 0.4195466703125 0.2265625 0.40782020937499996 0.224609375 0.3817614109375 0.2041015625 0.3570055515625 0.1962890625 0.3570055515625 0.1884765625 0.3622173109375 0.18359375 0.36873201093749997 0.1796875 0.3791555296875 0.177734375 0.38957905 0.181640625 0.40000257031249997 0.1904296875 0.40651727031249996 0.2041015625 0.40651727031249996
0 0.2255859375 0.38306435 0.2314453125 0.38306435 0.2421875 0.371337890625 0.244140625 0.35309673125 0.240234375 0.34006733125 0.2353515625 0.33355263125 0.2255859375 0.33355263125 0.212890625 0.3452790921875 0.2109375 0.3504908515625 0.2109375 0.36352025 0.2197265625 0.377852590625 0.2255859375 0.38306435
0 0.1796875 0.40000257031249997 0.1904296875 0.40912315 0.2021484375 0.41172902968749997 0.2119140625 0.42215255 0.2197265625 0.42215255 0.220703125 0.42606136875 0.21875 0.42866725 0.21875 0.4364848890625 0.22265625 0.4469084078125 0.2314453125 0.4560289875 0.2451171875 0.4560289875 0.25 0.4495142890625 0.2568359375 0.43257606875 0.2646484375 0.4377878296875 0.2724609375 0.4377878296875 0.279296875 0.42606136875 0.279296875 0.41563785 0.2880859375 0.40912315 0.296875 0.394790809375 0.296875 0.3791555296875 0.2900390625 0.3674290703125 0.2861328125 0.3674290703125 0.2841796875 0.364823190625 0.2783203125 0.364823190625 0.2724609375 0.37003495000000003 0.2685546875 0.37003495000000003 0.2626953125 0.3752467109375 0.2568359375 0.3856702296875 0.2470703125 0.38306435 0.244140625 0.37394377031250003 0.24609375 0.3557026109375 0.240234375 0.33746145156249996 0.2353515625 0.33094675156250003 0.2236328125 0.33355263125 0.2177734375 0.3387643921875 0.2109375 0.3478849703125 0.2080078125 0.3570055515625 0.2060546875 0.35439967031249997 0.1923828125 0.3570055515625 0.1865234375 0.3622173109375 0.1796875 0.37394377031250003 0.1796875 0.3791555296875 0.177734375 0.3817614109375 0.177734375 0.394790809375 0.1796875 0.40000257031249997
0 0.4375 0.41042608906250005 0.4462890625 0.4195466703125 0.4619140625 0.4195466703125 0.4755859375 0.40912315 0.484375 0.397396690625 0.4775390625 0.3856702296875 0.4697265625 0.3804584703125 0.4599609375 0.3674290703125 0.4443359375 0.3674290703125 0.4404296875 0.37003495000000003 0.435546875 0.3791555296875 0.435546875 0.384367290625 0.43359375 0.3869731703125 0.435546875 0.40521432968750004 0.4375 0.41042608906250005
0 0.4833984375 0.3934878703125 0.4892578125 0.3934878703125 0.494140625 0.3869731703125 0.494140625 0.37654964999999996 0.4921875 0.371337890625 0.49609375 0.36612613125000004 0.49609375 0.358308490625 0.498046875 0.3557026109375 0.49609375 0.34267321093750003 0.4794921875 0.3231291125 0.4716796875 0.3257349921875 0.4609375 0.34267321093750003 0.458984375 0.3557026109375 0.4609375 0.358308490625 0.462890625 0.371337890625 0.4833984375 0.3934878703125
0 0.4833984375 0.44299958906250003 0.4921875 0.433879009375 0.494140625 0.4182437296875 0.4921875 0.41563785 0.4921875 0.41042608906250005 0.4853515625 0.40130550937500004 0.4658203125 0.41433490937500006 0.462890625 0.4182437296875 0.462890625 0.4312731296875 0.4716796875 0.44299958906250003 0.4833984375 0.44299958906250003
0 0.5029296875 0.427364309375 0.51171875 0.41563785 0.51953125 0.40000257031249997 0.5126953125 0.38827611093750003 0.5009765625 0.38827611093750003 0.494140625 0.397396690625 0.4921875 0.40260844999999995 0.4921875 0.4130319703125 0.5009765625 0.427364309375 0.5029296875 0.427364309375
0 0.5205078125 0.4377878296875 0.5439453125 0.4377878296875 0.552734375 0.42345548906249997 0.552734375 0.41042608906250005 0.55078125 0.40782020937499996 0.55078125 0.40260844999999995 0.5439453125 0.3934878703125 0.5341796875 0.38827611093750003 0.5283203125 0.38827611093750003 0.505859375 0.42345548906249997 0.50390625 0.42866725 0.5107421875 0.4351819484375 0.5185546875 0.4351819484375 0.5205078125 0.4377878296875
0 0.509765625 0.470361328125 0.5166015625 0.4820877875 0.5205078125 0.48469366718750007 0.5302734375 0.48469366718750007 0.54296875 0.470361328125 0.544921875 0.46514956874999996 0.544921875 0.45212016874999994 0.5361328125 0.4377878296875 0.5107421875 0.4377878296875 0.5068359375 0.4351819484375 0.501953125 0.4416966484375 0.501953125 0.4469084078125 0.509765625 0.45472604843750003 0.509765625 0.470361328125
0 0.7197265625 0.46645250781250003 0.73046875 0.4495142890625 0.73046875 0.4312731296875 0.728515625 0.42606136875 0.7236328125 0.4195466703125 0.7158203125 0.4169407890625 0.7060546875 0.42215255 0.701171875 0.42866725 0.69921875 0.4416966484375 0.703125 0.45472604843750003 0.7119140625 0.46645250781250003 0.7197265625 0.46645250781250003
0 0.7001953125 0.4299701890625 0.7060546875 0.42215255 0.720703125 0.41563785 0.720703125 0.40782020937499996 0.7158203125 0.4039113890625 0.7021484375 0.38306435 0.6884765625 0.38306435 0.68359375 0.38957905 0.681640625 0.394790809375 0.681640625 0.41042608906250005 0.6923828125 0.427364309375 0.7001953125 0.4299701890625
0 0.7265625 0.40260844999999995 0.7265625 0.3921849296875 0.7197265625 0.3804584703125 0.7099609375 0.3804584703125 0.70703125 0.384367290625 0.70703125 0.38957905 0.7216796875 0.41172902968749997 0.7265625 0.40260844999999995
0 0.73828125 0.4416966484375 0.7470703125 0.4534231078125 0.7548828125 0.45863486875000004 0.7646484375 0.4560289875 0.76953125 0.4495142890625 0.775390625 0.4312731296875 0.775390625 0.42345548906249997 0.771484375 0.41042608906250005 0.7646484375 0.40130550937500004 0.7548828125 0.40130550937500004 0.7392578125 0.3934878703125 0.734375 0.397396690625 0.732421875 0.41563785 0.736328125 0.4182437296875 0.736328125 0.4364848890625 0.73828125 0.4416966484375
0 0.7548828125 0.40130550937500004 0.7626953125 0.40130550937500004 0.767578125 0.38957905 0.767578125 0.37394377031250003 0.765625 0.36873201093749997 0.7548828125 0.3570055515625 0.7451171875 0.3570055515625 0.7412109375 0.35961143125 0.734375 0.36873201093749997 0.734375 0.3869731703125 0.736328125 0.3921849296875 0.7548828125 0.40130550937500004