0 0.7626953125 0.278829153125 0.7509765625 0.278829153125 0.7431640625 0.2866467921875 0.7353515625 0.27361739375 0.7255859375 0.27361739375 0.720703125 0.2801320921875 0.720703125 0.28794973281249997 0.72265625 0.2905556125 0.720703125 0.3114026515625 0.7333984375 0.3127055921875 0.7353515625 0.3100997125 0.7392578125 0.3100997125 0.7431640625 0.31531147187499997 0.748046875 0.3140085328125 0.7587890625 0.3074938328125 0.763671875 0.3009791328125 0.765625 0.2827379734375 0.7626953125 0.278829153125
0 0.7470703125 0.3257349921875 0.7392578125 0.3231291125 0.7314453125 0.31531147187499997 0.7197265625 0.31531147187499997 0.716796875 0.3192202921875 0.71875 0.32703793124999997 0.72265625 0.3322496921875 0.72265625 0.34006733125 0.7275390625 0.34658203125 0.7353515625 0.34658203125 0.7392578125 0.351793790625 0.74609375 0.3504908515625 0.7490234375 0.3491879109375 0.751953125 0.34267321093750003 0.751953125 0.3322496921875 0.7470703125 0.3257349921875
0 0.708984375 0.3114026515625 0.70703125 0.3009791328125 0.7001953125 0.29185855312500003 0.6962890625 0.29185855312500003 0.689453125 0.29837325312499996 0.689453125 0.30358501250000003 0.6875 0.3061908921875 0.689453125 0.3166144125 0.6806640625 0.3179173515625 0.6767578125 0.32052323125000004 0.673828125 0.32703793124999997 0.673828125 0.33485557187500004 0.6787109375 0.3413702703125 0.6826171875 0.3439761515625 0.693359375 0.34267321093750003 0.697265625 0.33746145156249996 0.69921875 0.32703793124999997 0.705078125 0.321826171875 0.708984375 0.3114026515625
0 0.7177734375 0.351793790625 0.720703125 0.3452790921875 0.720703125 0.33485557187500004 0.7158203125 0.328340871875 0.7060546875 0.33094675156250003 0.69921875 0.34006733125 0.69921875 0.3452790921875 0.6953125 0.3557026109375 0.6953125 0.371337890625 0.7001953125 0.377852590625 0.70703125 0.37654964999999996 0.7099609375 0.3752467109375 0.712890625 0.36873201093749997 0.7109375 0.3557026109375 0.7177734375 0.351793790625
0 0.7255859375 0.4039113890625 0.720703125 0.40000257031249997 0.720703125 0.397396690625 0.728515625 0.38957905 0.73046875 0.37394377031250003 0.7255859375 0.364823190625 0.7177734375 0.364823190625 0.712890625 0.37394377031250003 0.712890625 0.3791555296875 0.705078125 0.38957905 0.705078125 0.40260844999999995 0.71484375 0.41042608906250005 0.71484375 0.41563785 0.7177734375 0.42215255 0.724609375 0.420849609375 0.734375 0.41563785 0.734375 0.40782020937499996 0.7314453125 0.4039113890625 0.7255859375 0.4039113890625
0 0.751953125 0.3817614109375 0.755859375 0.3791555296875 0.755859375 0.3609143703125 0.7509765625 0.35439967031249997 0.7412109375 0.35439967031249997 0.73046875 0.36612613125000004 0.73046875 0.37654964999999996 0.736328125 0.38957905 0.734375 0.3921849296875 0.734375 0.40260844999999995 0.7392578125 0.41433490937500006 0.7431640625 0.4169407890625 0.75390625 0.41563785 0.7578125 0.41042608906250005 0.7578125 0.394790809375 0.751953125 0.3869731703125 0.751953125 0.3817614109375
0 0.775390625 0.3817614109375 0.7685546875 0.3726408296875 0.7607421875 0.3726408296875 0.755859375 0.37654964999999996 0.755859375 0.3817614109375 0.75390625 0.384367290625 0.755859375 0.3869731703125 0.755859375 0.3921849296875 0.763671875 0.40260844999999995 0.76171875 0.40782020937499996 0.76171875 0.42345548906249997 0.7705078125 0.4351819484375 0.77734375 0.433879009375 0.783203125 0.42345548906249997 0.783203125 0.40260844999999995 0.77734375 0.3921849296875 0.775390625 0.3817614109375
0 0.802734375 0.38957905 0.806640625 0.371337890625 0.8017578125 0.3622173109375 0.7939453125 0.3622173109375 0.7890625 0.36873201093749997 0.7890625 0.37654964999999996 0.78515625 0.3817614109375 0.783203125 0.38957905 0.78515625 0.3921849296875 0.787109375 0.40521432968750004 0.7939453125 0.41172902968749997 0.80078125 0.4130319703125 0.8037109375 0.41172902968749997 0.806640625 0.40521432968750004 0.806640625 0.394790809375 0.802734375 0.38957905
0 0.7861328125 0.3622173109375 0.7919921875 0.3622173109375 0.794921875 0.3557026109375 0.80078125 0.3504908515625 0.802734375 0.3452790921875 0.80078125 0.34006733125 0.7919921875 0.3231291125 0.7705078125 0.32052323125000004 0.7646484375 0.3127055921875 0.7548828125 0.3127055921875 0.751953125 0.3166144125 0.751953125 0.32703793124999997 0.76171875 0.33746145156249996 0.755859375 0.3478849703125 0.755859375 0.358308490625 0.7626953125 0.364823190625 0.7666015625 0.3622173109375 0.7724609375 0.3674290703125 0.775390625 0.36612613125000004 0.7783203125 0.364823190625 0.7822265625 0.3570055515625 0.7841796875 0.3570055515625 0.7861328125 0.3622173109375
0 0.5380859375 0.24234683437500001 0.541015625 0.235832134375 0.5322265625 0.22671155468749998 0.5263671875 0.22671155468749998 0.5244140625 0.22410567499999998 0.5087890625 0.22410567499999998 0.4951171875 0.216288034375 0.4892578125 0.216288034375 0.484375 0.222802734375 0.484375 0.2254086140625 0.4921875 0.2332262546875 0.4951171875 0.2449527140625 0.4990234375 0.24755859375 0.513671875 0.24625565468750002 0.5185546875 0.2397409546875 0.5322265625 0.2449527140625 0.5341796875 0.24234683437500001 0.5380859375 0.24234683437500001
0 0.4609375 0.2332262546875 0.4609375 0.23843801406249998 0.4677734375 0.24755859375 0.486328125 0.24625565468750002 0.4921875 0.235832134375 0.4794921875 0.22149979531250003 0.4697265625 0.22410567499999998 0.4609375 0.2332262546875
0 0.4560546875 0.2397409546875 0.4453125 0.24625565468750002 0.443359375 0.259285053125 0.4482421875 0.2631938734375 0.45703125 0.2618909328125 0.4619140625 0.26058799375 0.46875 0.2514674140625 0.4677734375 0.2449527140625 0.4560546875 0.2397409546875
0 0.4365234375 0.25277035468750003 0.427734375 0.2644968125 0.427734375 0.2749203328125 0.4326171875 0.28143503281250004 0.4365234375 0.28404091249999996 0.439453125 0.2827379734375 0.443359375 0.272314453125 0.443359375 0.2566791734375 0.4404296875 0.25277035468750003 0.4365234375 0.25277035468750003
0 0.4228515625 0.27622327343749997 0.412109375 0.2931614921875 0.4169921875 0.302282071875 0.427734375 0.3009791328125 0.431640625 0.295767371875 0.43359375 0.28794973281249997 0.4306640625 0.278829153125 0.4228515625 0.27622327343749997
0 0.4658203125 0.26058799375 0.4599609375 0.26058799375 0.451171875 0.2697085734375 0.451171875 0.2775262125 0.453125 0.2827379734375 0.4580078125 0.2866467921875 0.466796875 0.285343853125 0.4716796875 0.28404091249999996 0.474609375 0.2801320921875 0.47265625 0.2697085734375 0.4658203125 0.26058799375
0 0.4521484375 0.28925267187500003 0.4443359375 0.28925267187500003 0.4404296875 0.29185855312500003 0.43359375 0.308796771875 0.4423828125 0.3179173515625 0.453125 0.3166144125 0.4560546875 0.31531147187499997 0.458984375 0.308796771875 0.45703125 0.295767371875 0.4521484375 0.28925267187500003
0 0.4677734375 0.28404091249999996 0.4609375 0.2905556125 0.4609375 0.3061908921875 0.4658203125 0.3127055921875 0.47265625 0.3114026515625 0.4765625 0.308796771875 0.478515625 0.295767371875 0.4736328125 0.28404091249999996 0.4677734375 0.28404091249999996
0 0.49609375 0.2801320921875 0.498046875 0.259285053125 0.4931640625 0.25277035468750003 0.4853515625 0.25277035468750003 0.478515625 0.2644968125 0.478515625 0.2749203328125 0.486328125 0.2827379734375 0.484375 0.295767371875 0.4892578125 0.302282071875 0.5 0.3009791328125 0.501953125 0.2931614921875 0.5 0.2905556125 0.5 0.285343853125 0.49609375 0.2801320921875
0 0.5380859375 0.278829153125 0.5341796875 0.27622327343749997 0.5224609375 0.27622327343749997 0.5146484375 0.265799753125 0.5068359375 0.265799753125 0.5 0.2749203328125 0.5 0.285343853125 0.501953125 0.2905556125 0.5126953125 0.3074938328125 0.5185546875 0.3074938328125 0.5205078125 0.3100997125 0.537109375 0.308796771875 0.5400390625 0.3074938328125 0.544921875 0.29837325312499996 0.544921875 0.28794973281249997 0.5380859375 0.278829153125
0 0.5517578125 0.24234683437500001 0.5400390625 0.24234683437500001 0.5361328125 0.2449527140625 0.5322265625 0.25277035468750003 0.5244140625 0.2449527140625 0.5185546875 0.2449527140625 0.513671875 0.24886153281249998 0.51171875 0.25407329375 0.5166015625 0.265799753125 0.5263671875 0.2710115125 0.5322265625 0.2710115125 0.5419921875 0.278829153125 0.55078125 0.2775262125 0.552734375 0.2697085734375 0.556640625 0.2644968125 0.556640625 0.24886153281249998 0.5517578125 0.24234683437500001
0 0.56640625 0.28794973281249997 0.572265625 0.2801320921875 0.572265625 0.2697085734375 0.5673828125 0.2631938734375 0.5576171875 0.2631938734375 0.552734375 0.272314453125 0.55078125 0.28794973281249997 0.548828125 0.2905556125 0.55078125 0.295767371875 0.55078125 0.3061908921875 0.5576171875 0.31531147187499997 0.56640625 0.3140085328125 0.5703125 0.308796771875 0.5703125 0.3009791328125 0.56640625 0.2931614921875 0.56640625 0.28794973281249997
0 0.55859375 0.3166144125 0.5517578125 0.3074938328125 0.5419921875 0.3074938328125 0.529296875 0.3192202921875 0.529296875 0.3244320515625 0.5419921875 0.3361585125 0.55078125 0.33485557187500004 0.556640625 0.32964381249999997 0.556640625 0.3244320515625 0.55859375 0.321826171875 0.55859375 0.3166144125
0 0.5791015625 0.304887953125 0.5732421875 0.304887953125 0.568359375 0.3140085328125 0.5595703125 0.32052323125000004 0.556640625 0.32703793124999997 0.55859375 0.34006733125 0.5634765625 0.3439761515625 0.56640625 0.34267321093750003 0.5791015625 0.3361585125 0.583984375 0.32964381249999997 0.583984375 0.3114026515625 0.5791015625 0.304887953125
0 0.5712890625 0.3413702703125 0.5673828125 0.3439761515625 0.5625 0.3504908515625 0.5625 0.3557026109375 0.56640625 0.3609143703125 0.56640625 0.36612613125000004 0.5712890625 0.3726408296875 0.58203125 0.371337890625 0.5859375 0.358308490625 0.583984375 0.3478849703125 0.5791015625 0.3413702703125 0.5712890625 0.3413702703125
0 0.55078125 0.358308490625 0.548828125 0.36352025 0.548828125 0.37394377031250003 0.5537109375 0.3804584703125 0.564453125 0.3791555296875 0.568359375 0.36873201093749997 0.564453125 0.3557026109375 0.5576171875 0.351793790625 0.55078125 0.358308490625
0 0.57421875 0.3921849296875 0.5654296875 0.38306435 0.5556640625 0.38306435 0.5498046875 0.3752467109375 0.5419921875 0.3752467109375 0.537109375 0.384367290625 0.5390625 0.397396690625 0.5419921875 0.40130550937500004 0.5458984375 0.40130550937500004 0.5537109375 0.41172902968749997 0.5634765625 0.4169407890625 0.56640625 0.41563785 0.57421875 0.41042608906250005 0.57421875 0.40521432968750004 0.576171875 0.40260844999999995 0.57421875 0.3921849296875
0 0.525390625 0.32703793124999997 0.5224609375 0.3231291125 0.5166015625 0.3231291125 0.5146484375 0.3257349921875 0.51171875 0.3114026515625 0.5048828125 0.304887953125 0.4990234375 0.304887953125 0.490234375 0.3140085328125 0.490234375 0.32964381249999997 0.494140625 0.34006733125 0.5 0.3478849703125 0.5 0.35309673125 0.5048828125 0.35961143125 0.5087890625 0.3622173109375 0.51171875 0.3609143703125 0.517578125 0.3557026109375 0.51953125 0.34267321093750003 0.5234375 0.33746145156249996 0.525390625 0.32703793124999997
0 0.5380859375 0.33094675156250003 0.5283203125 0.328340871875 0.5234375 0.33746145156249996 0.521484375 0.35309673125 0.5302734375 0.3674290703125 0.541015625 0.36612613125000004 0.546875 0.35309673125 0.546875 0.34267321093750003 0.544921875 0.33746145156249996 0.5380859375 0.33094675156250003
0 0.4814453125 0.3100997125 0.4775390625 0.3100997125 0.46875 0.3166144125 0.466796875 0.32703793124999997 0.46875 0.32964381249999997 0.46875 0.33746145156249996 0.4716796875 0.3413702703125 0.4755859375 0.3439761515625 0.4833984375 0.3439761515625 0.4853515625 0.34658203125 0.4921875 0.3452790921875 0.49609375 0.34006733125 0.49609375 0.3322496921875 0.4892578125 0.3179173515625 0.4814453125 0.3100997125
0 0.46875 0.3322496921875 0.466796875 0.3244320515625 0.4619140625 0.3179173515625 0.4541015625 0.3179173515625 0.44921875 0.3244320515625 0.44921875 0.34006733125 0.44140625 0.3504908515625 0.44140625 0.36352025 0.4462890625 0.37003495000000003 0.453125 0.36873201093749997 0.458984375 0.36352025 0.4609375 0.3504908515625 0.46484375 0.3452790921875 0.46875 0.3322496921875
0 0.4345703125 0.31531147187499997 0.4326171875 0.3179173515625 0.4169921875 0.31531147187499997 0.4140625 0.3192202921875 0.412109375 0.3244320515625 0.412109375 0.33485557187500004 0.4169921875 0.3413702703125 0.4248046875 0.3413702703125 0.4267578125 0.3387643921875 0.4345703125 0.3491879109375 0.439453125 0.3478849703125 0.4453125 0.34267321093750003 0.44921875 0.3322496921875 0.4443359375 0.32052323125000004 0.4345703125 0.31531147187499997
0 0.4169921875 0.3439761515625 0.412109375 0.3504908515625 0.412109375 0.36352025 0.4140625 0.36873201093749997 0.4169921875 0.3726408296875 0.431640625 0.371337890625 0.431640625 0.3609143703125 0.427734375 0.3504908515625 0.4228515625 0.3439761515625 0.4169921875 0.3439761515625
0 0.4208984375 0.3726408296875 0.41796875 0.3791555296875 0.41796875 0.38957905 0.4228515625 0.3986996296875 0.4296875 0.397396690625 0.43359375 0.3921849296875 0.43359375 0.37654964999999996 0.4306640625 0.3726408296875 0.4208984375 0.3726408296875
0 0.453125 0.3791555296875 0.451171875 0.37394377031250003 0.4423828125 0.3674290703125 0.4404296875 0.37003495000000003 0.43359375 0.371337890625 0.43359375 0.3921849296875 0.431640625 0.394790809375 0.431640625 0.40521432968750004 0.4365234375 0.41172902968749997 0.44140625 0.41042608906250005 0.451171875 0.40000257031249997 0.451171875 0.394790809375 0.453125 0.3921849296875 0.453125 0.3791555296875
0 0.4521484375 0.42215255 0.451171875 0.41563785 0.4462890625 0.41172902968749997 0.4375 0.4182437296875 0.4375 0.42866725 0.4423828125 0.4351819484375 0.4462890625 0.4351819484375 0.4560546875 0.44299958906250003 0.46484375 0.4416966484375 0.46875 0.4364848890625 0.46875 0.42866725 0.4638671875 0.42215255 0.4521484375 0.42215255
0 0.4462890625 0.4377878296875 0.44140625 0.44430252968749995 0.44140625 0.457331928125 0.4462890625 0.46384662812500005 0.453125 0.4625436875 0.45703125 0.457331928125 0.458984375 0.4469084078125 0.4541015625 0.440393709375 0.4462890625 0.4377878296875
0 0.4560546875 0.390881990625 0.451171875 0.397396690625 0.451171875 0.4130319703125 0.4580078125 0.4195466703125 0.46484375 0.4182437296875 0.470703125 0.41042608906250005 0.470703125 0.40260844999999995 0.4638671875 0.390881990625 0.4560546875 0.390881990625
0 0.4697265625 0.3491879109375 0.4609375 0.36352025 0.4609375 0.36873201093749997 0.458984375 0.371337890625 0.4638671875 0.3804584703125 0.4677734375 0.38306435 0.474609375 0.3817614109375 0.478515625 0.37654964999999996 0.478515625 0.3557026109375 0.4755859375 0.3491879109375 0.4697265625 0.3491879109375
0 0.4892578125 0.35439967031249997 0.48046875 0.36352025 0.48046875 0.37394377031250003 0.4873046875 0.38306435 0.494140625 0.3817614109375 0.5 0.37394377031250003 0.5 0.3609143703125 0.4931640625 0.35439967031249997 0.4892578125 0.35439967031249997
0 0.5283203125 0.3726408296875 0.5205078125 0.35961143125 0.5126953125 0.35961143125 0.5078125 0.36612613125000004 0.5078125 0.37394377031250003 0.513671875 0.3869731703125 0.513671875 0.397396690625 0.5205078125 0.4039113890625 0.5244140625 0.4039113890625 0.5263671875 0.40651727031249996 0.529296875 0.40521432968750004 0.5322265625 0.4039113890625 0.537109375 0.394790809375 0.537109375 0.3817614109375 0.5283203125 0.3726408296875
0 0.5068359375 0.3726408296875 0.5009765625 0.3726408296875 0.494140625 0.3817614109375 0.490234375 0.3921849296875 0.490234375 0.40521432968750004 0.4970703125 0.41433490937500006 0.505859375 0.4130319703125 0.513671875 0.40521432968750004 0.515625 0.3921849296875 0.51171875 0.3791555296875 0.5068359375 0.3726408296875
0 0.4833984375 0.390881990625 0.4736328125 0.39609375 0.470703125 0.40260844999999995 0.470703125 0.4130319703125 0.4794921875 0.4247584296875 0.48046875 0.42345548906249997 0.4921875 0.41042608906250005 0.490234375 0.40782020937499996 0.48828125 0.394790809375 0.4833984375 0.390881990625
0 0.4990234375 0.4169407890625 0.4951171875 0.4169407890625 0.4931640625 0.41433490937500006 0.482421875 0.420849609375 0.478515625 0.4312731296875 0.478515625 0.4364848890625 0.4833984375 0.44560546875 0.48828125 0.44430252968749995 0.5009765625 0.44299958906250003 0.50390625 0.43909076875 0.50390625 0.42345548906249997 0.4990234375 0.4169407890625
0 0.478515625 0.45472604843750003 0.4716796875 0.44560546875 0.4677734375 0.44560546875 0.4658203125 0.44299958906250003 0.4609375 0.4469084078125 0.458984375 0.47296720781249996 0.4658203125 0.4820877875 0.470703125 0.48078484843749997 0.478515625 0.47296720781249996 0.48046875 0.4625436875 0.478515625 0.45993780781250004 0.478515625 0.45472604843750003
0 0.4931640625 0.4482113484375 0.4794921875 0.4482113484375 0.4765625 0.45212016874999994 0.478515625 0.45472604843750003 0.478515625 0.46514956874999996 0.4833984375 0.4742701484375 0.49609375 0.47296720781249996 0.5 0.4625436875 0.498046875 0.45993780781250004 0.498046875 0.45472604843750003 0.4931640625 0.4482113484375
0 0.5146484375 0.46645250781250003 0.5126953125 0.46384662812500005 0.5048828125 0.46384662812500005 0.498046875 0.470361328125 0.49609375 0.483390728125 0.5009765625 0.4925113078125 0.5234375 0.4912083671875 0.53125 0.483390728125 0.53125 0.47557308750000005 0.5283203125 0.46905838749999995 0.5146484375 0.46645250781250003
0 0.5244140625 0.440393709375 0.5185546875 0.43257606875 0.5087890625 0.43257606875 0.505859375 0.4364848890625 0.505859375 0.4495142890625 0.5078125 0.45472604843750003 0.5126953125 0.46124074843749996 0.5166015625 0.46124074843749996 0.5283203125 0.46905838749999995 0.53125 0.46775544843750005 0.541015625 0.457331928125 0.5390625 0.4469084078125 0.5341796875 0.440393709375 0.5244140625 0.440393709375
0 0.5302734375 0.40651727031249996 0.5185546875 0.40651727031249996 0.51171875 0.4130319703125 0.51171875 0.42606136875 0.5166015625 0.43257606875 0.5224609375 0.4351819484375 0.5263671875 0.440393709375 0.53515625 0.43909076875 0.537109375 0.4364848890625 0.53515625 0.4312731296875 0.53515625 0.4130319703125 0.5302734375 0.40651727031249996
0 0.5517578125 0.4169407890625 0.5439453125 0.41172902968749997 0.5361328125 0.41172902968749997 0.53515625 0.4364848890625 0.537109375 0.4416966484375 0.5439453125 0.4482113484375 0.55078125 0.4469084078125 0.5537109375 0.44560546875 0.556640625 0.43909076875 0.556640625 0.42345548906249997 0.5517578125 0.4169407890625
0 0.197265625 0.384367290625 0.19921875 0.3609143703125 0.1904296875 0.34658203125 0.1865234375 0.34658203125 0.177734375 0.3609143703125 0.177734375 0.371337890625 0.169921875 0.3817614109375 0.169921875 0.397396690625 0.1767578125 0.40651727031249996 0.181640625 0.40782020937499996 0.181640625 0.42345548906249997 0.18359375 0.42866725 0.1904296875 0.4351819484375 0.1953125 0.433879009375 0.19921875 0.4312731296875 0.203125 0.4182437296875 0.203125 0.394790809375 0.197265625 0.384367290625
0 0.220703125 0.34267321093750003 0.220703125 0.34006733125 0.2265625 0.33485557187500004 0.2265625 0.32964381249999997 0.23046875 0.3192202921875 0.228515625 0.3140085328125 0.2255859375 0.3100997125 0.2216796875 0.3100997125 0.2197265625 0.304887953125 0.2138671875 0.304887953125 0.203125 0.3166144125 0.203125 0.3244320515625 0.1953125 0.3322496921875 0.1953125 0.34267321093750003 0.19921875 0.3504908515625 0.19921875 0.358308490625 0.205078125 0.37394377031250003 0.2119140625 0.38306435 0.2158203125 0.3856702296875 0.220703125 0.384367290625 0.2236328125 0.38306435 0.23046875 0.371337890625 0.23046875 0.3557026109375 0.220703125 0.34267321093750003
0 0.251953125 0.32964381249999997 0.25 0.3166144125 0.25390625 0.308796771875 0.25390625 0.30358501250000003 0.2451171875 0.28143503281250004 0.2412109375 0.278829153125 0.2314453125 0.278829153125 0.22265625 0.2905556125 0.22265625 0.30358501250000003 0.234375 0.3166144125 0.228515625 0.3244320515625 0.2265625 0.3452790921875 0.2314453125 0.35439967031249997 0.244140625 0.35309673125 0.251953125 0.3452790921875 0.251953125 0.33485557187500004 0.25390625 0.3322496921875 0.251953125 0.32964381249999997
0 0.255859375 0.40000257031249997 0.255859375 0.384367290625 0.2470703125 0.3752467109375 0.2353515625 0.3804584703125 0.2294921875 0.390881990625 0.2236328125 0.3934878703125 0.220703125 0.40000257031249997 0.220703125 0.41042608906250005 0.21875 0.4130319703125 0.220703125 0.43909076875 0.22265625 0.44430252968749995 0.2333984375 0.4560289875 0.240234375 0.45472604843750003 0.248046875 0.4416966484375 0.248046875 0.42345548906249997 0.244140625 0.4130319703125 0.255859375 0.40000257031249997
0 0.23828125 0.40260844999999995 0.2431640625 0.41172902968749997 0.24609375 0.41042608906250005 0.25390625 0.40260844999999995 0.2490234375 0.3934878703125 0.2431640625 0.390881990625 0.23828125 0.40260844999999995
0 0.271484375 0.35309673125 0.2646484375 0.3439761515625 0.2548828125 0.3413702703125 0.244140625 0.3557026109375 0.24609375 0.371337890625 0.248046875 0.37654964999999996 0.255859375 0.384367290625 0.25390625 0.394790809375 0.2578125 0.40521432968750004 0.2626953125 0.40912315 0.2734375 0.40782020937499996 0.28125 0.397396690625 0.28125 0.384367290625 0.283203125 0.3791555296875 0.271484375 0.35309673125
0 0.2529296875 0.41172902968749997 0.248046875 0.420849609375 0.248046875 0.44430252968749995 0.2548828125 0.45081722968750004 0.263671875 0.4495142890625 0.267578125 0.43909076875 0.26953125 0.42345548906249997 0.2626953125 0.41433490937500006 0.2529296875 0.41172902968749997
0 0.283203125 0.42866725 0.2763671875 0.42215255 0.2724609375 0.4247584296875 0.267578125 0.433879009375 0.267578125 0.43909076875 0.263671875 0.4495142890625 0.263671875 0.457331928125 0.2724609375 0.47166426875 0.2763671875 0.4742701484375 0.279296875 0.47296720781249996 0.2822265625 0.47166426875 0.2890625 0.45993780781250004 0.2890625 0.4416966484375 0.283203125 0.42866725
0 0.2822265625 0.39609375 0.2734375 0.41042608906250005 0.2734375 0.420849609375 0.2802734375 0.427364309375 0.283203125 0.42606136875 0.294921875 0.4130319703125 0.29296875 0.40000257031249997 0.2880859375 0.39609375 0.2822265625 0.39609375
0 0.3076171875 0.41172902968749997 0.3017578125 0.40912315 0.2880859375 0.4169407890625 0.283203125 0.42345548906249997 0.283203125 0.4312731296875 0.2900390625 0.44560546875 0.2978515625 0.45081722968750004 0.306640625 0.4495142890625 0.31640625 0.4364848890625 0.3203125 0.42606136875 0.3134765625 0.42215255 0.3076171875 0.41172902968749997
0 0.328125 0.3921849296875 0.326171875 0.38957905 0.32421875 0.37394377031250003 0.3173828125 0.364823190625 0.3017578125 0.364823190625 0.29296875 0.3791555296875 0.29296875 0.3869731703125 0.3017578125 0.39609375 0.3076171875 0.3934878703125 0.30859375 0.397396690625 0.306640625 0.40000257031249997 0.306640625 0.40782020937499996 0.3125 0.42345548906249997 0.3203125 0.42345548906249997 0.326171875 0.4130319703125 0.326171875 0.40521432968750004 0.328125 0.40260844999999995 0.328125 0.3921849296875
0 0.2900390625 0.33094675156250003 0.2822265625 0.33094675156250003 0.2734375 0.3452790921875 0.2734375 0.3609143703125 0.275390625 0.36352025 0.275390625 0.36873201093749997 0.2822265625 0.377852590625 0.287109375 0.37654964999999996 0.30078125 0.358308490625 0.30078125 0.3478849703125 0.2958984375 0.3361585125 0.2900390625 0.33094675156250003
0 0.279296875 0.2801320921875 0.279296875 0.2644968125 0.2724609375 0.2553762328125 0.2685546875 0.25277035468750003 0.2607421875 0.2553762328125 0.2578125 0.259285053125 0.255859375 0.2749203328125 0.2578125 0.2775262125 0.2578125 0.2931614921875 0.26171875 0.30358501250000003 0.2744140625 0.32052323125000004 0.2783203125 0.3231291125 0.2890625 0.321826171875 0.2919921875 0.32052323125000004 0.298828125 0.308796771875 0.294921875 0.2931614921875 0.279296875 0.2801320921875
0 0.306640625 0.3140085328125 0.306640625 0.308796771875 0.3017578125 0.302282071875 0.298828125 0.3140085328125 0.29296875 0.321826171875 0.29296875 0.33485557187500004 0.298828125 0.34267321093750003 0.30078125 0.3609143703125 0.3037109375 0.364823190625 0.3046875 0.36352025 0.314453125 0.3557026109375 0.31640625 0.33485557187500004 0.310546875 0.3244320515625 0.306640625 0.3140085328125
0 0.33984375 0.33746145156249996 0.3310546875 0.328340871875 0.3232421875 0.33355263125 0.31640625 0.3452790921875 0.31640625 0.3557026109375 0.3291015625 0.3752467109375 0.333984375 0.37394377031250003 0.3359375 0.371337890625 0.3359375 0.3609143703125 0.33984375 0.3504908515625 0.33984375 0.33746145156249996
0 0.2880859375 0.2579821125 0.2802734375 0.2579821125 0.27734375 0.2644968125 0.28125 0.2775262125 0.2919921875 0.2866467921875 0.294921875 0.285343853125 0.2978515625 0.28404091249999996 0.298828125 0.2801320921875 0.29296875 0.2644968125 0.2880859375 0.2579821125
0 0.2919921875 0.2397409546875 0.2890625 0.2436497734375 0.2890625 0.2566791734375 0.291015625 0.2618909328125 0.2978515625 0.2710115125 0.298828125 0.2697085734375 0.30859375 0.259285053125 0.30859375 0.25407329375 0.2978515625 0.2397409546875 0.2919921875 0.2397409546875
0 0.3154296875 0.26058799375 0.3056640625 0.26058799375 0.30078125 0.2644968125 0.298828125 0.2775262125 0.3115234375 0.2944644328125 0.32421875 0.2931614921875 0.326171875 0.2905556125 0.326171875 0.2775262125 0.3212890625 0.265799753125 0.3154296875 0.26058799375
0 0.3359375 0.3061908921875 0.3271484375 0.29185855312500003 0.3232421875 0.29185855312500003 0.3212890625 0.28925267187500003 0.3125 0.29837325312499996 0.30859375 0.308796771875 0.30859375 0.3192202921875 0.3154296875 0.33094675156250003 0.326171875 0.32964381249999997 0.3310546875 0.328340871875 0.333984375 0.3244320515625 0.3359375 0.3192202921875 0.3359375 0.3061908921875
0 0.19140625 0.3009791328125 0.19140625 0.28794973281249997 0.1865234375 0.278829153125 0.1826171875 0.278829153125 0.1796875 0.2827379734375 0.177734375 0.28794973281249997 0.177734375 0.29837325312499996 0.169921875 0.3192202921875 0.169921875 0.32703793124999997 0.171875 0.32964381249999997 0.169921875 0.3609143703125 0.17578125 0.3609143703125 0.181640625 0.35309673125 0.185546875 0.34267321093750003 0.185546875 0.3192202921875 0.19140625 0.3009791328125
0 0.1865234375 0.2553762328125 0.181640625 0.2644968125 0.18359375 0.2775262125 0.189453125 0.2775262125 0.19921875 0.26710269375 0.19921875 0.259285053125 0.1962890625 0.25277035468750003 0.1865234375 0.2553762328125
0 0.2197265625 0.22410567499999998 0.2080078125 0.23192331406250002 0.1953125 0.24625565468750002 0.1953125 0.2514674140625 0.2001953125 0.2579821125 0.21484375 0.2566791734375 0.2265625 0.2436497734375 0.23046875 0.2332262546875 0.2255859375 0.22410567499999998 0.2197265625 0.22410567499999998
0 0.2275390625 0.25016447343750003 0.2236328125 0.24755859375 0.2158203125 0.2553762328125 0.201171875 0.259285053125 0.201171875 0.2644968125 0.2060546875 0.27361739375 0.21875 0.272314453125 0.2216796875 0.2710115125 0.2265625 0.2618909328125 0.228515625 0.2566791734375 0.2275390625 0.25016447343750003
0 0.263671875 0.2332262546875 0.2548828125 0.22410567499999998 0.2470703125 0.22410567499999998 0.2451171875 0.22149979531250003 0.2373046875 0.22410567499999998 0.234375 0.22801449375 0.234375 0.2332262546875 0.228515625 0.24104389375 0.228515625 0.24625565468750002 0.2353515625 0.25277035468750003 0.2470703125 0.25277035468750003 0.2490234375 0.25016447343750003 0.2578125 0.2514674140625 0.2626953125 0.25016447343750003 0.265625 0.24625565468750002 0.265625 0.23843801406249998 0.263671875 0.2332262546875
0 0.2685546875 0.22410567499999998 0.263671875 0.22801449375 0.263671875 0.2332262546875 0.2666015625 0.2371350734375 0.2705078125 0.2397409546875 0.279296875 0.23843801406249998 0.2900390625 0.2371350734375 0.291015625 0.230620375 0.2822265625 0.22410567499999998 0.2685546875 0.22410567499999998