0 0.205078125 0.37394377031250003 0.21484375 0.38957905 0.212890625 0.3921849296875 0.21484375 0.40260844999999995 0.2216796875 0.40912315 0.2275390625 0.40912315 0.240234375 0.38957905 0.240234375 0.35309673125 0.2314453125 0.3413702703125 0.2275390625 0.3413702703125 0.2255859375 0.3387643921875 0.2138671875 0.3387643921875 0.2099609375 0.3413702703125 0.203125 0.3504908515625 0.203125 0.36612613125000004 0.205078125 0.36873201093749997 0.205078125 0.37394377031250003
0 0.2490234375 0.377852590625 0.2548828125 0.377852590625 0.2568359375 0.3752467109375 0.2724609375 0.37003495000000003 0.279296875 0.358308490625 0.279296875 0.3452790921875 0.2705078125 0.33094675156250003 0.2587890625 0.33094675156250003 0.25 0.34267321093750003 0.25 0.3452790921875 0.2421875 0.35309673125 0.240234375 0.358308490625 0.2421875 0.36873201093749997 0.2451171875 0.37003495000000003 0.2490234375 0.377852590625
0 0.2626953125 0.4169407890625 0.2666015625 0.4195466703125 0.2802734375 0.4195466703125 0.291015625 0.41042608906250005 0.29296875 0.40521432968750004 0.291015625 0.40000257031249997 0.291015625 0.384367290625 0.2822265625 0.3726408296875 0.2783203125 0.3726408296875 0.2705078125 0.3674290703125 0.2646484375 0.3726408296875 0.25 0.37654964999999996 0.248046875 0.384367290625 0.255859375 0.397396690625 0.255859375 0.40782020937499996 0.2626953125 0.4169407890625
0 0.4560546875 0.3570055515625 0.4599609375 0.3570055515625 0.4619140625 0.35961143125 0.4638671875 0.3570055515625 0.4677734375 0.3570055515625 0.474609375 0.3478849703125 0.4736328125 0.3361585125 0.4619140625 0.33355263125 0.4599609375 0.33094675156250003 0.4541015625 0.33094675156250003 0.451171875 0.33485557187500004 0.44921875 0.34267321093750003 0.451171875 0.3452790921875 0.451171875 0.3504908515625 0.4560546875 0.3570055515625
0 0.4521484375 0.33094675156250003 0.4736328125 0.3387643921875 0.478515625 0.32964381249999997 0.478515625 0.2931614921875 0.474609375 0.285343853125 0.4658203125 0.278829153125 0.4580078125 0.278829153125 0.4560546875 0.28143503281250004 0.4501953125 0.28143503281250004 0.443359375 0.28794973281249997 0.44140625 0.2931614921875 0.44140625 0.3114026515625 0.4453125 0.321826171875 0.4521484375 0.33094675156250003
0 0.5107421875 0.3074938328125 0.5146484375 0.304887953125 0.5234375 0.2905556125 0.5234375 0.2775262125 0.5126953125 0.26058799375 0.5029296875 0.26058799375 0.490234375 0.2749203328125 0.48828125 0.2801320921875 0.48828125 0.3061908921875 0.4931640625 0.3100997125 0.5107421875 0.3074938328125
0 0.453125 0.32964381249999997 0.44921875 0.34006733125 0.44921875 0.3452790921875 0.4580078125 0.3570055515625 0.4658203125 0.3570055515625 0.47265625 0.3504908515625 0.474609375 0.34006733125 0.478515625 0.3322496921875 0.478515625 0.3244320515625 0.486328125 0.3244320515625 0.4921875 0.3322496921875 0.4921875 0.3452790921875 0.494140625 0.3504908515625 0.5029296875 0.3570055515625 0.5185546875 0.3570055515625 0.52734375 0.3504908515625 0.53125 0.33746145156249996 0.529296875 0.3244320515625 0.5244140625 0.31531147187499997 0.515625 0.308796771875 0.515625 0.30358501250000003 0.51953125 0.3009791328125 0.5234375 0.2905556125 0.5234375 0.2749203328125 0.51953125 0.26710269375 0.5126953125 0.26058799375 0.5029296875 0.26058799375 0.4990234375 0.2631938734375 0.490234375 0.2749203328125 0.48828125 0.285343853125 0.4794921875 0.29185855312500003 0.4775390625 0.29185855312500003 0.4736328125 0.28404091249999996 0.4638671875 0.278829153125 0.4501953125 0.28143503281250004 0.443359375 0.28794973281249997 0.44140625 0.2931614921875 0.44140625 0.3114026515625 0.4453125 0.321826171875 0.453125 0.32964381249999997
0 0.7138671875 0.3570055515625 0.7314453125 0.3570055515625 0.736328125 0.3504908515625 0.734375 0.33485557187500004 0.732421875 0.3322496921875 0.732421875 0.3192202921875 0.7236328125 0.3100997125 0.7099609375 0.3100997125 0.7060546875 0.3127055921875 0.697265625 0.3244320515625 0.697265625 0.33485557187500004 0.69921875 0.34006733125 0.7138671875 0.3570055515625
0 0.734375 0.358308490625 0.7314453125 0.35439967031249997 0.7216796875 0.35439967031249997 0.7177734375 0.3570055515625 0.716796875 0.36352025 0.7216796875 0.37003495000000003 0.7314453125 0.3674290703125 0.734375 0.358308490625
0 0.7568359375 0.3622173109375 0.76171875 0.35309673125 0.76171875 0.3452790921875 0.7568359375 0.3361585125 0.7509765625 0.3361585125 0.73828125 0.3452790921875 0.736328125 0.3557026109375 0.7451171875 0.364823190625 0.7529296875 0.364823190625 0.7568359375 0.3622173109375
0 0.7509765625 0.3361585125 0.7568359375 0.3361585125 0.763671875 0.3244320515625 0.763671875 0.30358501250000003 0.7568359375 0.29185855312500003 0.7470703125 0.29185855312500003 0.736328125 0.3061908921875 0.736328125 0.3114026515625 0.734375 0.3140085328125 0.732421875 0.32703793124999997 0.7373046875 0.3413702703125 0.7451171875 0.3413702703125 0.7509765625 0.3361585125