0 0.216796875 0.36873201093749997 0.220703125 0.36352025 0.220703125 0.358308490625 0.2158203125 0.3491879109375 0.2080078125 0.3491879109375 0.205078125 0.35309673125 0.205078125 0.36352025 0.197265625 0.37394377031250003 0.197265625 0.384367290625 0.2119140625 0.39609375 0.21484375 0.394790809375 0.220703125 0.38957905 0.21875 0.3817614109375 0.21484375 0.37654964999999996 0.216796875 0.36873201093749997
0 0.2353515625 0.3674290703125 0.2333984375 0.37003495000000003 0.232421875 0.36352025 0.2294921875 0.35961143125 0.2216796875 0.35961143125 0.216796875 0.37394377031250003 0.22265625 0.37654964999999996 0.22265625 0.384367290625 0.2275390625 0.390881990625 0.234375 0.38957905 0.236328125 0.384367290625 0.236328125 0.37394377031250003 0.23828125 0.371337890625 0.2353515625 0.3674290703125
0 0.2587890625 0.3439761515625 0.2451171875 0.34658203125 0.2412109375 0.3413702703125 0.2353515625 0.3413702703125 0.228515625 0.3478849703125 0.228515625 0.3557026109375 0.2333984375 0.3622173109375 0.2451171875 0.3622173109375 0.2490234375 0.3570055515625 0.248046875 0.36873201093749997 0.2509765625 0.3726408296875 0.255859375 0.371337890625 0.2578125 0.36352025 0.26171875 0.358308490625 0.26171875 0.3478849703125 0.2587890625 0.3439761515625
0 0.296875 0.35309673125 0.2919921875 0.34658203125 0.2841796875 0.34658203125 0.2763671875 0.33355263125 0.2685546875 0.33094675156250003 0.263671875 0.33746145156249996 0.263671875 0.3478849703125 0.275390625 0.358308490625 0.275390625 0.36873201093749997 0.2802734375 0.3752467109375 0.28125 0.37394377031250003 0.2841796875 0.37003495000000003 0.2900390625 0.37003495000000003 0.294921875 0.36352025 0.296875 0.35309673125
0 0.2763671875 0.3752467109375 0.271484375 0.3817614109375 0.2841796875 0.4039113890625 0.29296875 0.40260844999999995 0.294921875 0.40000257031249997 0.294921875 0.3869731703125 0.2880859375 0.3752467109375 0.2763671875 0.3752467109375
0 0.30859375 0.40521432968750004 0.3037109375 0.3986996296875 0.2978515625 0.3986996296875 0.29296875 0.40521432968750004 0.294921875 0.40782020937499996 0.29296875 0.42606136875 0.2958984375 0.43257606875 0.2998046875 0.4351819484375 0.302734375 0.433879009375 0.30859375 0.42606136875 0.30859375 0.420849609375 0.306640625 0.4182437296875 0.30859375 0.40521432968750004
0 0.248046875 0.384367290625 0.25 0.40521432968750004 0.2529296875 0.41172902968749997 0.2568359375 0.41433490937500006 0.26171875 0.4130319703125 0.267578125 0.40260844999999995 0.26953125 0.38957905 0.2529296875 0.377852590625 0.248046875 0.384367290625
0 0.25390625 0.420849609375 0.2470703125 0.41172902968749997 0.2412109375 0.41172902968749997 0.2392578125 0.41433490937500006 0.23828125 0.40782020937499996 0.2333984375 0.3986996296875 0.2236328125 0.3986996296875 0.21875 0.40521432968750004 0.21875 0.420849609375 0.21484375 0.42606136875 0.21484375 0.4364848890625 0.2216796875 0.44299958906250003 0.224609375 0.4416966484375 0.2314453125 0.4299701890625 0.2451171875 0.4351819484375 0.25390625 0.42606136875 0.25390625 0.420849609375
0 0.25390625 0.44430252968749995 0.2509765625 0.440393709375 0.2431640625 0.440393709375 0.2392578125 0.44560546875 0.2236328125 0.44299958906250003 0.216796875 0.45472604843750003 0.21875 0.4625436875 0.2236328125 0.46645250781250003 0.2275390625 0.46384662812500005 0.232421875 0.47296720781249996 0.2392578125 0.4820877875 0.240234375 0.48078484843749997 0.24609375 0.47557308750000005 0.248046875 0.4625436875 0.25390625 0.45472604843750003 0.25390625 0.44430252968749995
0 0.27734375 0.46775544843750005 0.2646484375 0.4534231078125 0.2607421875 0.4534231078125 0.255859375 0.45993780781250004 0.255859375 0.46775544843750005 0.25 0.47296720781249996 0.25 0.47817896718749997 0.248046875 0.48078484843749997 0.25 0.4912083671875 0.2529296875 0.4951171875 0.255859375 0.493814246875 0.2626953125 0.487299546875 0.2724609375 0.48469366718750007 0.27734375 0.47817896718749997 0.27734375 0.46775544843750005
0 0.30078125 0.4495142890625 0.2958984375 0.44299958906250003 0.2841796875 0.440393709375 0.279296875 0.4469084078125 0.28125 0.45212016874999994 0.279296875 0.46775544843750005 0.2822265625 0.4742701484375 0.287109375 0.47557308750000005 0.2900390625 0.4742701484375 0.291015625 0.46775544843750005 0.30078125 0.457331928125 0.30078125 0.4495142890625
0 0.4619140625 0.3361585125 0.4541015625 0.3361585125 0.451171875 0.34006733125 0.451171875 0.3452790921875 0.443359375 0.3557026109375 0.4482421875 0.364823190625 0.45703125 0.36352025 0.4609375 0.3609143703125 0.4609375 0.3557026109375 0.46484375 0.3452790921875 0.4619140625 0.3361585125
0 0.4853515625 0.3387643921875 0.4755859375 0.3387643921875 0.4736328125 0.3361585125 0.46484375 0.34267321093750003 0.4609375 0.37394377031250003 0.4658203125 0.3804584703125 0.4697265625 0.38306435 0.47265625 0.3817614109375 0.4755859375 0.3804584703125 0.4921875 0.3557026109375 0.4921875 0.3452790921875 0.4853515625 0.3387643921875
0 0.4931640625 0.3100997125 0.482421875 0.3192202921875 0.482421875 0.32703793124999997 0.4873046875 0.33355263125 0.4951171875 0.33355263125 0.4970703125 0.33094675156250003 0.505859375 0.3322496921875 0.509765625 0.32703793124999997 0.509765625 0.3192202921875 0.4990234375 0.3100997125 0.4931640625 0.3100997125
0 0.5205078125 0.33355263125 0.5185546875 0.3361585125 0.5126953125 0.33094675156250003 0.5087890625 0.33094675156250003 0.50390625 0.33746145156249996 0.50390625 0.3452790921875 0.5068359375 0.3491879109375 0.5166015625 0.3570055515625 0.5234375 0.3557026109375 0.53125 0.3478849703125 0.53125 0.33746145156249996 0.5283203125 0.33355263125 0.5205078125 0.33355263125
0 0.5361328125 0.34658203125 0.53125 0.35309673125 0.53125 0.36873201093749997 0.5380859375 0.3752467109375 0.54296875 0.37394377031250003 0.546875 0.36873201093749997 0.544921875 0.3504908515625 0.5419921875 0.34658203125 0.5361328125 0.34658203125
0 0.5615234375 0.364823190625 0.5556640625 0.3752467109375 0.5478515625 0.3726408296875 0.54296875 0.37654964999999996 0.54296875 0.3869731703125 0.5478515625 0.3934878703125 0.5595703125 0.390881990625 0.560546875 0.397396690625 0.5654296875 0.4039113890625 0.57421875 0.40260844999999995 0.576171875 0.40000257031249997 0.57421875 0.371337890625 0.5693359375 0.364823190625 0.5615234375 0.364823190625
0 0.548828125 0.41042608906250005 0.548828125 0.42345548906249997 0.5537109375 0.4299701890625 0.568359375 0.42866725 0.5703125 0.4182437296875 0.5576171875 0.4039113890625 0.5537109375 0.4039113890625 0.548828125 0.41042608906250005
0 0.541015625 0.40000257031249997 0.5380859375 0.39609375 0.5302734375 0.39609375 0.529296875 0.40521432968750004 0.53125 0.40782020937499996 0.53125 0.41563785 0.529296875 0.420849609375 0.53125 0.42606136875 0.5341796875 0.4299701890625 0.54296875 0.42866725 0.544921875 0.42606136875 0.546875 0.4130319703125 0.541015625 0.40521432968750004 0.541015625 0.40000257031249997
0 0.546875 0.45472604843750003 0.54296875 0.4495142890625 0.54296875 0.44430252968749995 0.5380859375 0.4377878296875 0.5322265625 0.4377878296875 0.52734375 0.44430252968749995 0.52734375 0.4495142890625 0.517578125 0.45993780781250004 0.517578125 0.46775544843750005 0.5205078125 0.47166426875 0.5244140625 0.4742701484375 0.529296875 0.47296720781249996 0.5341796875 0.46645250781250003 0.5439453125 0.46645250781250003 0.546875 0.4625436875 0.546875 0.45472604843750003
0 0.525390625 0.42606136875 0.5224609375 0.42215255 0.5087890625 0.42215255 0.5029296875 0.41433490937500006 0.4970703125 0.41433490937500006 0.4921875 0.42345548906249997 0.494140625 0.4312731296875 0.4990234375 0.4351819484375 0.5029296875 0.4351819484375 0.505859375 0.43909076875 0.50390625 0.45212016874999994 0.5087890625 0.45863486875000004 0.515625 0.457331928125 0.517578125 0.45472604843750003 0.517578125 0.44430252968749995 0.525390625 0.4364848890625 0.525390625 0.42606136875
0 0.4794921875 0.38827611093750003 0.4755859375 0.3856702296875 0.4697265625 0.38827611093750003 0.466796875 0.394790809375 0.46875 0.40000257031249997 0.466796875 0.41042608906250005 0.4775390625 0.4195466703125 0.484375 0.4182437296875 0.48828125 0.4130319703125 0.48828125 0.40521432968750004 0.482421875 0.397396690625 0.4794921875 0.38827611093750003
0 0.4482421875 0.3804584703125 0.44140625 0.3921849296875 0.4462890625 0.4039113890625 0.453125 0.40260844999999995 0.458984375 0.3921849296875 0.458984375 0.3817614109375 0.4560546875 0.377852590625 0.4482421875 0.3804584703125
0 0.46875 0.4495142890625 0.46875 0.4364848890625 0.4658203125 0.43257606875 0.4609375 0.4312731296875 0.462890625 0.420849609375 0.4580078125 0.41172902968749997 0.4541015625 0.41172902968749997 0.44921875 0.41563785 0.44921875 0.4312731296875 0.451171875 0.4364848890625 0.443359375 0.44430252968749995 0.443359375 0.45472604843750003 0.4462890625 0.45863486875000004 0.455078125 0.457331928125 0.4580078125 0.45081722968750004 0.4599609375 0.4534231078125 0.4638671875 0.4534231078125 0.46875 0.4495142890625
0 0.49609375 0.45993780781250004 0.494140625 0.45472604843750003 0.4873046875 0.4534231078125 0.4853515625 0.4560289875 0.4755859375 0.45863486875000004 0.47265625 0.46514956874999996 0.474609375 0.47296720781249996 0.4833984375 0.4794819078125 0.4873046875 0.487299546875 0.494140625 0.4859966078125 0.4970703125 0.48469366718750007 0.5 0.47817896718749997 0.49609375 0.470361328125 0.49609375 0.45993780781250004
0 0.7666015625 0.3674290703125 0.7587890625 0.3674290703125 0.755859375 0.371337890625 0.755859375 0.384367290625 0.7578125 0.38957905 0.7666015625 0.39609375 0.771484375 0.394790809375 0.775390625 0.3921849296875 0.775390625 0.3869731703125 0.76953125 0.371337890625 0.7666015625 0.3674290703125
0 0.7880859375 0.390881990625 0.7861328125 0.3934878703125 0.7763671875 0.390881990625 0.771484375 0.397396690625 0.771484375 0.40782020937499996 0.7763671875 0.41433490937500006 0.7880859375 0.42215255 0.791015625 0.420849609375 0.796875 0.41563785 0.796875 0.394790809375 0.7939453125 0.390881990625 0.7880859375 0.390881990625
0 0.7724609375 0.40912315 0.7685546875 0.40912315 0.765625 0.4130319703125 0.767578125 0.4364848890625 0.7724609375 0.44560546875 0.779296875 0.44430252968749995 0.783203125 0.43909076875 0.78515625 0.420849609375 0.7802734375 0.41433490937500006 0.7724609375 0.40912315
0 0.765625 0.4130319703125 0.765625 0.40260844999999995 0.7587890625 0.39609375 0.7451171875 0.3934878703125 0.7421875 0.397396690625 0.7421875 0.41042608906250005 0.744140625 0.4130319703125 0.7421875 0.41563785 0.7421875 0.4364848890625 0.7470703125 0.44299958906250003 0.75390625 0.4416966484375 0.759765625 0.4312731296875 0.7578125 0.4182437296875 0.7626953125 0.4169407890625 0.765625 0.4130319703125
0 0.748046875 0.4469084078125 0.7412109375 0.4377878296875 0.7373046875 0.4377878296875 0.7314453125 0.44299958906250003 0.7236328125 0.44299958906250003 0.720703125 0.4469084078125 0.720703125 0.45472604843750003 0.728515625 0.4625436875 0.728515625 0.47296720781249996 0.7333984375 0.4794819078125 0.740234375 0.48078484843749997 0.744140625 0.47557308750000005 0.744140625 0.4625436875 0.748046875 0.45472604843750003 0.748046875 0.4469084078125
0 0.77734375 0.4625436875 0.779296875 0.45212016874999994 0.7744140625 0.44560546875 0.7646484375 0.44560546875 0.7626953125 0.44299958906250003 0.75 0.44430252968749995 0.74609375 0.45472604843750003 0.75 0.45993780781250004 0.74609375 0.46775544843750005 0.74609375 0.47557308750000005 0.7509765625 0.4820877875 0.7578125 0.48078484843749997 0.7626953125 0.47166426875 0.7666015625 0.47166426875 0.7724609375 0.46384662812500005 0.77734375 0.4625436875