0 0.51171875 0.5016318875 0.51171875 0.4859966078125 0.4990234375 0.47166426875 0.4814453125 0.47166426875 0.46875 0.4859966078125 0.466796875 0.5042377671875 0.4775390625 0.51857010625 0.4931640625 0.5159642265625 0.51171875 0.5016318875
0 0.556640625 0.470361328125 0.556640625 0.45472604843750003 0.5458984375 0.440393709375 0.5380859375 0.4351819484375 0.5244140625 0.43257606875 0.5166015625 0.4351819484375 0.509765625 0.4416966484375 0.5078125 0.45993780781250004 0.5205078125 0.4794819078125 0.5498046875 0.4794819078125 0.556640625 0.470361328125
0 0.4658203125 0.4351819484375 0.4736328125 0.4351819484375 0.4921875 0.420849609375 0.4921875 0.40782020937499996 0.4794921875 0.390881990625 0.4638671875 0.38306435 0.451171875 0.38957905 0.44921875 0.394790809375 0.44921875 0.41563785 0.4580078125 0.4299701890625 0.4658203125 0.4351819484375
0 0.494140625 0.394790809375 0.4892578125 0.390881990625 0.4814453125 0.390881990625 0.48046875 0.394790809375 0.4931640625 0.41172902968749997 0.49609375 0.40782020937499996 0.494140625 0.394790809375
0 0.4853515625 0.46905838749999995 0.4951171875 0.46645250781250003 0.50390625 0.4495142890625 0.501953125 0.4312731296875 0.4931640625 0.42215255 0.4755859375 0.43257606875 0.47265625 0.4364848890625 0.47265625 0.4495142890625 0.4765625 0.45993780781250004 0.4853515625 0.46905838749999995
0 0.5185546875 0.43257606875 0.52734375 0.4182437296875 0.53125 0.40260844999999995 0.53125 0.38957905 0.52734375 0.3791555296875 0.5185546875 0.3726408296875 0.5126953125 0.3726408296875 0.5048828125 0.377852590625 0.5 0.3869731703125 0.498046875 0.40521432968750004 0.50390625 0.420849609375 0.5146484375 0.43257606875 0.5185546875 0.43257606875
0 0.4580078125 0.38306435 0.466796875 0.36612613125000004 0.466796875 0.3504908515625 0.4580078125 0.3361585125 0.4521484375 0.3361585125 0.4453125 0.3452790921875 0.443359375 0.3504908515625 0.443359375 0.37394377031250003 0.4501953125 0.38306435 0.4580078125 0.38306435
0 0.4794921875 0.3622173109375 0.4892578125 0.3570055515625 0.494140625 0.3504908515625 0.49609375 0.32964381249999997 0.4931640625 0.3231291125 0.4892578125 0.32052323125000004 0.4638671875 0.3231291125 0.4609375 0.32703793124999997 0.4609375 0.3322496921875 0.4677734375 0.3570055515625 0.4794921875 0.3622173109375
0 0.5146484375 0.3439761515625 0.52734375 0.3140085328125 0.525390625 0.3009791328125 0.5166015625 0.28925267187500003 0.5087890625 0.28404091249999996 0.4990234375 0.2866467921875 0.4921875 0.295767371875 0.490234375 0.3009791328125 0.4921875 0.321826171875 0.5087890625 0.3439761515625 0.5146484375 0.3439761515625
0 0.5478515625 0.3491879109375 0.556640625 0.33746145156249996 0.556640625 0.3192202921875 0.5478515625 0.3074938328125 0.5361328125 0.3074938328125 0.5283203125 0.3127055921875 0.517578125 0.32964381249999997 0.515625 0.3478849703125 0.5185546875 0.351793790625 0.5341796875 0.35439967031249997 0.5478515625 0.3491879109375
0 0.5361328125 0.3752467109375 0.54296875 0.36352025 0.5419921875 0.351793790625 0.5185546875 0.351793790625 0.515625 0.3557026109375 0.515625 0.36352025 0.5244140625 0.377852590625 0.5361328125 0.3752467109375
0 0.5849609375 0.38827611093750003 0.58984375 0.3791555296875 0.58984375 0.3609143703125 0.587890625 0.3557026109375 0.5791015625 0.34658203125 0.5732421875 0.34658203125 0.568359375 0.35309673125 0.564453125 0.36352025 0.564453125 0.3791555296875 0.5712890625 0.3856702296875 0.5849609375 0.38827611093750003
0 0.5693359375 0.4247584296875 0.5859375 0.397396690625 0.5849609375 0.38827611093750003 0.5732421875 0.38306435 0.5654296875 0.38306435 0.556640625 0.38957905 0.552734375 0.397396690625 0.552734375 0.4130319703125 0.5615234375 0.4247584296875 0.5693359375 0.4247584296875
0 0.595703125 0.41563785 0.595703125 0.394790809375 0.5927734375 0.390881990625 0.587890625 0.3921849296875 0.58203125 0.41563785 0.580078125 0.4416966484375 0.5830078125 0.4482113484375 0.5869140625 0.4482113484375 0.595703125 0.41563785
0 0.7412109375 0.5524465453125 0.7490234375 0.5524465453125 0.75390625 0.5459318453125 0.75390625 0.5276906875 0.75 0.5146612875 0.7451171875 0.5081465875 0.7392578125 0.5107524671875 0.73046875 0.5224789265625 0.73046875 0.532902446875 0.732421875 0.5407200859375 0.7412109375 0.5524465453125
0 0.7294921875 0.5237818671875 0.744140625 0.5068436468749999 0.7392578125 0.4977230671875 0.7255859375 0.487299546875 0.7138671875 0.487299546875 0.708984375 0.493814246875 0.708984375 0.5094495265625001 0.7197265625 0.5237818671875 0.7294921875 0.5237818671875
0 0.7158203125 0.46645250781250003 0.720703125 0.457331928125 0.720703125 0.4416966484375 0.7099609375 0.4351819484375 0.7001953125 0.4351819484375 0.6953125 0.4416966484375 0.6953125 0.457331928125 0.7060546875 0.46905838749999995 0.7158203125 0.46645250781250003
0 0.7197265625 0.440393709375 0.72265625 0.4312731296875 0.72265625 0.420849609375 0.71484375 0.397396690625 0.7041015625 0.38827611093750003 0.693359375 0.40000257031249997 0.689453125 0.41042608906250005 0.69140625 0.42606136875 0.6982421875 0.4351819484375 0.7197265625 0.440393709375
0 0.748046875 0.4495142890625 0.751953125 0.4312731296875 0.748046875 0.4182437296875 0.7431640625 0.41433490937500006 0.7333984375 0.41433490937500006 0.724609375 0.42606136875 0.72265625 0.4364848890625 0.7265625 0.4625436875 0.7333984375 0.46384662812500005 0.748046875 0.4495142890625
0 0.7431640625 0.4951171875 0.7548828125 0.4951171875 0.76171875 0.4859966078125 0.763671875 0.47817896718749997 0.7578125 0.457331928125 0.7509765625 0.45081722968750004 0.7451171875 0.45081722968750004 0.7392578125 0.4560289875 0.732421875 0.46514956874999996 0.732421875 0.47817896718749997 0.736328125 0.4886024875 0.7431640625 0.4951171875
0 0.7783203125 0.46905838749999995 0.787109375 0.45993780781250004 0.7890625 0.4416966484375 0.787109375 0.4312731296875 0.7783203125 0.4247584296875 0.7646484375 0.4247584296875 0.759765625 0.4312731296875 0.759765625 0.45212016874999994 0.7685546875 0.46645250781250003 0.7783203125 0.46905838749999995
0 0.7998046875 0.46905838749999995 0.806640625 0.4625436875 0.814453125 0.4469084078125 0.814453125 0.42866725 0.8056640625 0.4169407890625 0.7978515625 0.4169407890625 0.791015625 0.42345548906249997 0.787109375 0.433879009375 0.787109375 0.4625436875 0.7900390625 0.46645250781250003 0.7998046875 0.46905838749999995
0 0.7958984375 0.41433490937500006 0.798828125 0.40782020937499996 0.798828125 0.394790809375 0.7900390625 0.3856702296875 0.7822265625 0.38827611093750003 0.7734375 0.397396690625 0.771484375 0.40782020937499996 0.7783203125 0.4195466703125 0.7880859375 0.4195466703125 0.7958984375 0.41433490937500006
0 0.814453125 0.3921849296875 0.8056640625 0.3856702296875 0.80078125 0.38957905 0.798828125 0.4130319703125 0.8076171875 0.4169407890625 0.814453125 0.40782020937499996 0.814453125 0.3921849296875
0 0.7587890625 0.41172902968749997 0.765625 0.397396690625 0.763671875 0.3817614109375 0.7548828125 0.3752467109375 0.74609375 0.38957905 0.7421875 0.397396690625 0.7421875 0.40521432968750004 0.7509765625 0.41433490937500006 0.7587890625 0.41172902968749997
0 0.7392578125 0.40130550937500004 0.75390625 0.3791555296875 0.75390625 0.371337890625 0.7509765625 0.3674290703125 0.7373046875 0.35961143125 0.7216796875 0.35961143125 0.712890625 0.36873201093749997 0.7109375 0.37654964999999996 0.712890625 0.3869731703125 0.7255859375 0.4039113890625 0.7392578125 0.40130550937500004
0 0.7607421875 0.37003495000000003 0.7724609375 0.3726408296875 0.77734375 0.3609143703125 0.77734375 0.3452790921875 0.7734375 0.3322496921875 0.7626953125 0.32052323125000004 0.7529296875 0.32052323125000004 0.74609375 0.32703793124999997 0.7421875 0.33746145156249996 0.7421875 0.3478849703125 0.74609375 0.358308490625 0.7607421875 0.37003495000000003
0 0.8046875 0.36352025 0.806640625 0.3478849703125 0.8017578125 0.3387643921875 0.7919921875 0.33355263125 0.7861328125 0.33355263125 0.7783203125 0.3387643921875 0.77734375 0.36873201093749997 0.7802734375 0.3726408296875 0.7958984375 0.3726408296875 0.8046875 0.36352025
0 0.3076171875 0.489905428125 0.318359375 0.47817896718749997 0.322265625 0.4625436875 0.3203125 0.45212016874999994 0.3134765625 0.44299958906250003 0.3017578125 0.440393709375 0.2880859375 0.4482113484375 0.283203125 0.45472604843750003 0.283203125 0.46775544843750005 0.2939453125 0.48469366718750007 0.3076171875 0.489905428125
0 0.2685546875 0.4482113484375 0.2744140625 0.45081722968750004 0.2880859375 0.4482113484375 0.298828125 0.4312731296875 0.294921875 0.41042608906250005 0.2802734375 0.3986996296875 0.2666015625 0.40130550937500004 0.25 0.42345548906249997 0.25 0.42866725 0.2607421875 0.44299958906250003 0.2685546875 0.4482113484375
0 0.2587890625 0.46645250781250003 0.267578125 0.45472604843750003 0.267578125 0.4469084078125 0.2509765625 0.4299701890625 0.244140625 0.43909076875 0.244140625 0.45472604843750003 0.2529296875 0.46645250781250003 0.2587890625 0.46645250781250003
0 0.3056640625 0.4247584296875 0.3193359375 0.427364309375 0.326171875 0.4182437296875 0.328125 0.397396690625 0.3173828125 0.3804584703125 0.3056640625 0.377852590625 0.2919921875 0.38306435 0.291015625 0.394790809375 0.29296875 0.40260844999999995 0.296875 0.4130319703125 0.3056640625 0.4247584296875
0 0.31640625 0.37394377031250003 0.31640625 0.3609143703125 0.3115234375 0.351793790625 0.3017578125 0.351793790625 0.29296875 0.3609143703125 0.291015625 0.36612613125000004 0.2919921875 0.38306435 0.3115234375 0.3804584703125 0.31640625 0.37394377031250003
0 0.302734375 0.3478849703125 0.306640625 0.33746145156249996 0.302734375 0.3244320515625 0.2900390625 0.3127055921875 0.2744140625 0.31531147187499997 0.265625 0.32703793124999997 0.263671875 0.3557026109375 0.2705078125 0.3622173109375 0.2919921875 0.35961143125 0.302734375 0.3478849703125
0 0.2626953125 0.35961143125 0.265625 0.3452790921875 0.265625 0.32703793124999997 0.2587890625 0.3231291125 0.2529296875 0.3257349921875 0.248046875 0.3322496921875 0.248046875 0.3478849703125 0.2529296875 0.3570055515625 0.2626953125 0.35961143125
0 0.2421875 0.35309673125 0.24609375 0.34006733125 0.244140625 0.3244320515625 0.2373046875 0.31531147187499997 0.2255859375 0.3127055921875 0.216796875 0.3244320515625 0.21484375 0.34267321093750003 0.2197265625 0.35439967031249997 0.2353515625 0.3570055515625 0.2421875 0.35309673125
0 0.2197265625 0.40130550937500004 0.232421875 0.38957905 0.240234375 0.371337890625 0.2421875 0.358308490625 0.2392578125 0.35439967031249997 0.2138671875 0.35439967031249997 0.201171875 0.36873201093749997 0.19921875 0.3791555296875 0.203125 0.394790809375 0.2119140625 0.40130550937500004 0.2197265625 0.40130550937500004
0 0.2451171875 0.42215255 0.2509765625 0.4195466703125 0.2578125 0.41042608906250005 0.265625 0.397396690625 0.267578125 0.3869731703125 0.2587890625 0.37003495000000003 0.2392578125 0.3804584703125 0.23046875 0.394790809375 0.228515625 0.40000257031249997 0.23046875 0.41563785 0.2373046875 0.42215255 0.2451171875 0.42215255
0 0.2001953125 0.44299958906250003 0.2099609375 0.440393709375 0.2265625 0.42345548906249997 0.2216796875 0.41433490937500006 0.2060546875 0.4039113890625 0.1982421875 0.40651727031249996 0.19140625 0.41563785 0.189453125 0.42606136875 0.19140625 0.433879009375 0.1943359375 0.440393709375 0.2001953125 0.44299958906250003
0 0.2314453125 0.47166426875 0.240234375 0.457331928125 0.23828125 0.43909076875 0.2275390625 0.4247584296875 0.2177734375 0.4299701890625 0.2109375 0.43909076875 0.2109375 0.457331928125 0.2177734375 0.46905838749999995 0.2314453125 0.47166426875