0 0.4931640625 0.2710115125 0.498046875 0.2644968125 0.498046875 0.2566791734375 0.4931640625 0.25016447343750003 0.4833984375 0.25277035468750003 0.470703125 0.26710269375 0.474609375 0.2775262125 0.474609375 0.285343853125 0.4775390625 0.28925267187500003 0.48046875 0.28794973281249997 0.486328125 0.2827379734375 0.486328125 0.2749203328125 0.4892578125 0.2710115125 0.4931640625 0.2710115125
0 0.474609375 0.295767371875 0.47265625 0.2827379734375 0.4677734375 0.27361739375 0.4599609375 0.27622327343749997 0.4541015625 0.2866467921875 0.4501953125 0.2866467921875 0.4453125 0.2931614921875 0.4453125 0.3009791328125 0.4501953125 0.3074938328125 0.455078125 0.3061908921875 0.4580078125 0.304887953125 0.4638671875 0.2944644328125 0.4658203125 0.2970703125 0.474609375 0.295767371875
0 0.52734375 0.2697085734375 0.5166015625 0.2684056328125 0.5087890625 0.2579821125 0.5009765625 0.26058799375 0.498046875 0.2644968125 0.498046875 0.272314453125 0.505859375 0.2801320921875 0.505859375 0.285343853125 0.5107421875 0.2944644328125 0.5146484375 0.2970703125 0.51953125 0.295767371875 0.5234375 0.2905556125 0.5234375 0.2827379734375 0.52734375 0.2775262125 0.52734375 0.2697085734375
0 0.486328125 0.285343853125 0.486328125 0.295767371875 0.4912109375 0.304887953125 0.4951171875 0.304887953125 0.4970703125 0.3074938328125 0.505859375 0.3061908921875 0.5078125 0.295767371875 0.5029296875 0.29185855312500003 0.4951171875 0.278829153125 0.486328125 0.285343853125
0 0.54296875 0.2827379734375 0.5380859375 0.27622327343749997 0.5341796875 0.27622327343749997 0.529296875 0.2827379734375 0.52734375 0.2931614921875 0.5224609375 0.2944644328125 0.51953125 0.29837325312499996 0.51953125 0.30358501250000003 0.5263671875 0.3127055921875 0.533203125 0.3114026515625 0.537109375 0.3061908921875 0.537109375 0.3009791328125 0.54296875 0.2905556125 0.54296875 0.2827379734375
0 0.544921875 0.3322496921875 0.546875 0.32964381249999997 0.546875 0.3244320515625 0.5546875 0.3166144125 0.5546875 0.308796771875 0.5498046875 0.302282071875 0.5419921875 0.302282071875 0.5390625 0.3061908921875 0.5390625 0.3166144125 0.5361328125 0.3179173515625 0.53125 0.32703793124999997 0.53125 0.33485557187500004 0.5390625 0.34267321093750003 0.5390625 0.36352025 0.5439453125 0.37003495000000003 0.55078125 0.36873201093749997 0.556640625 0.3557026109375 0.556640625 0.3478849703125 0.5458984375 0.3387643921875 0.544921875 0.3322496921875
0 0.5283203125 0.3387643921875 0.521484375 0.3478849703125 0.521484375 0.358308490625 0.5234375 0.3609143703125 0.5244140625 0.37003495000000003 0.533203125 0.36873201093749997 0.537109375 0.3557026109375 0.537109375 0.34267321093750003 0.5322265625 0.3387643921875 0.5283203125 0.3387643921875
0 0.5341796875 0.3752467109375 0.53125 0.3791555296875 0.53125 0.384367290625 0.533203125 0.3869731703125 0.53125 0.3921849296875 0.53125 0.40260844999999995 0.5341796875 0.40651727031249996 0.541015625 0.40521432968750004 0.55078125 0.38957905 0.55078125 0.3817614109375 0.5458984375 0.3752467109375 0.5341796875 0.3752467109375
0 0.5263671875 0.3804584703125 0.521484375 0.384367290625 0.5234375 0.3869731703125 0.5224609375 0.38827611093750003 0.5185546875 0.38306435 0.5126953125 0.38306435 0.50390625 0.3921849296875 0.50390625 0.40260844999999995 0.5068359375 0.40651727031249996 0.513671875 0.40521432968750004 0.5205078125 0.3986996296875 0.529296875 0.397396690625 0.52734375 0.394790809375 0.5263671875 0.3804584703125
0 0.51953125 0.37394377031250003 0.51953125 0.36612613125000004 0.5048828125 0.3491879109375 0.498046875 0.3557026109375 0.5 0.36612613125000004 0.4921875 0.37394377031250003 0.4921875 0.384367290625 0.4970703125 0.390881990625 0.501953125 0.38957905 0.5048828125 0.38827611093750003 0.5087890625 0.3804584703125 0.5166015625 0.3804584703125 0.51953125 0.37394377031250003
0 0.51953125 0.3140085328125 0.5126953125 0.3127055921875 0.5107421875 0.3100997125 0.5029296875 0.3127055921875 0.5 0.3192202921875 0.501953125 0.3244320515625 0.5107421875 0.33355263125 0.515625 0.3322496921875 0.51953125 0.32964381249999997 0.51953125 0.3244320515625 0.521484375 0.321826171875 0.51953125 0.3140085328125
0 0.49609375 0.3244320515625 0.4931640625 0.32052323125000004 0.4853515625 0.32052323125000004 0.482421875 0.3166144125 0.482421875 0.308796771875 0.4755859375 0.302282071875 0.4716796875 0.302282071875 0.46484375 0.308796771875 0.46484375 0.3140085328125 0.47265625 0.3244320515625 0.470703125 0.33746145156249996 0.4755859375 0.3439761515625 0.482421875 0.34267321093750003 0.4873046875 0.3361585125 0.4931640625 0.3361585125 0.49609375 0.3322496921875 0.49609375 0.3244320515625
0 0.44921875 0.3140085328125 0.44921875 0.3192202921875 0.443359375 0.3322496921875 0.4453125 0.34006733125 0.4482421875 0.3439761515625 0.453125 0.3452790921875 0.46484375 0.33485557187500004 0.4609375 0.3166144125 0.4541015625 0.3100997125 0.44921875 0.3140085328125
0 0.4921875 0.35309673125 0.4873046875 0.3439761515625 0.4814453125 0.3439761515625 0.4765625 0.3504908515625 0.4765625 0.36352025 0.47265625 0.36612613125000004 0.47265625 0.37394377031250003 0.4775390625 0.3856702296875 0.486328125 0.384367290625 0.490234375 0.3791555296875 0.48828125 0.36612613125000004 0.4921875 0.36352025 0.4921875 0.35309673125
0 0.4560546875 0.3491879109375 0.451171875 0.3557026109375 0.451171875 0.36352025 0.4599609375 0.3752467109375 0.46484375 0.37394377031250003 0.474609375 0.358308490625 0.474609375 0.3504908515625 0.4716796875 0.34658203125 0.4560546875 0.3491879109375
0 0.4658203125 0.3804584703125 0.4609375 0.3869731703125 0.4619140625 0.40130550937500004 0.4658203125 0.4039113890625 0.48046875 0.40260844999999995 0.484375 0.394790809375 0.4794921875 0.3856702296875 0.4736328125 0.3856702296875 0.4658203125 0.3804584703125
0 0.4443359375 0.3674290703125 0.44140625 0.37394377031250003 0.439453125 0.3921849296875 0.4443359375 0.3986996296875 0.44921875 0.397396690625 0.458984375 0.384367290625 0.458984375 0.3791555296875 0.4482421875 0.3674290703125 0.4443359375 0.3674290703125
0 0.728515625 0.3009791328125 0.7216796875 0.2944644328125 0.7119140625 0.304887953125 0.7099609375 0.302282071875 0.705078125 0.308796771875 0.712890625 0.32964381249999997 0.720703125 0.32964381249999997 0.724609375 0.3244320515625 0.724609375 0.3140085328125 0.728515625 0.3061908921875 0.728515625 0.3009791328125
0 0.7314453125 0.28404091249999996 0.728515625 0.28794973281249997 0.7265625 0.29837325312499996 0.7294921875 0.302282071875 0.7421875 0.3009791328125 0.7451171875 0.2996761921875 0.748046875 0.2931614921875 0.7412109375 0.28143503281250004 0.7314453125 0.28404091249999996
0 0.7587890625 0.28925267187500003 0.75390625 0.29837325312499996 0.755859375 0.3061908921875 0.7646484375 0.31531147187499997 0.7734375 0.3140085328125 0.77734375 0.3114026515625 0.77734375 0.3009791328125 0.7626953125 0.28925267187500003 0.7587890625 0.28925267187500003
0 0.7890625 0.33746145156249996 0.791015625 0.321826171875 0.7841796875 0.3100997125 0.7763671875 0.3100997125 0.7734375 0.3166144125 0.7734375 0.3322496921875 0.7646484375 0.3361585125 0.76171875 0.34267321093750003 0.76171875 0.3478849703125 0.7666015625 0.35439967031249997 0.7744140625 0.35439967031249997 0.7783203125 0.351793790625 0.7822265625 0.3570055515625 0.783203125 0.3557026109375 0.7880859375 0.35439967031249997 0.791015625 0.3478849703125 0.791015625 0.34006733125 0.7890625 0.33746145156249996
0 0.755859375 0.3140085328125 0.7578125 0.308796771875 0.7529296875 0.302282071875 0.7451171875 0.302282071875 0.740234375 0.3114026515625 0.740234375 0.321826171875 0.74609375 0.32703793124999997 0.74609375 0.33746145156249996 0.7509765625 0.3439761515625 0.7578125 0.34267321093750003 0.759765625 0.34006733125 0.759765625 0.32964381249999997 0.755859375 0.3244320515625 0.755859375 0.3140085328125
0 0.7294921875 0.3257349921875 0.724609375 0.33746145156249996 0.724609375 0.3452790921875 0.728515625 0.3504908515625 0.7294921875 0.3570055515625 0.73828125 0.3557026109375 0.7421875 0.3452790921875 0.740234375 0.3322496921875 0.7353515625 0.3257349921875 0.7294921875 0.3257349921875
0 0.7177734375 0.33355263125 0.7119140625 0.33355263125 0.7060546875 0.3439761515625 0.697265625 0.3504908515625 0.697265625 0.358308490625 0.7001953125 0.3622173109375 0.7099609375 0.3622173109375 0.7158203125 0.3570055515625 0.7197265625 0.364823190625 0.724609375 0.36352025 0.728515625 0.358308490625 0.728515625 0.35309673125 0.724609375 0.34267321093750003 0.7177734375 0.33355263125
0 0.7314453125 0.38827611093750003 0.7275390625 0.38827611093750003 0.724609375 0.384367290625 0.724609375 0.371337890625 0.7197265625 0.364823190625 0.7158203125 0.364823190625 0.7109375 0.371337890625 0.7109375 0.3791555296875 0.71484375 0.3869731703125 0.71484375 0.397396690625 0.708984375 0.40521432968750004 0.7138671875 0.4169407890625 0.720703125 0.41563785 0.7275390625 0.4039113890625 0.732421875 0.40260844999999995 0.734375 0.394790809375 0.7314453125 0.38827611093750003
0 0.74609375 0.371337890625 0.7392578125 0.3622173109375 0.7333984375 0.3622173109375 0.73046875 0.36612613125000004 0.73046875 0.37394377031250003 0.734375 0.3817614109375 0.734375 0.394790809375 0.7412109375 0.40130550937500004 0.744140625 0.40000257031249997 0.751953125 0.3921849296875 0.751953125 0.384367290625 0.74609375 0.3791555296875 0.74609375 0.371337890625
0 0.7431640625 0.4039113890625 0.7353515625 0.4039113890625 0.73046875 0.4130319703125 0.732421875 0.420849609375 0.7373046875 0.4247584296875 0.7412109375 0.4247584296875 0.7451171875 0.4195466703125 0.7490234375 0.4195466703125 0.7509765625 0.4247584296875 0.7548828125 0.427364309375 0.7578125 0.42606136875 0.76171875 0.4182437296875 0.75390625 0.40260844999999995 0.7490234375 0.3986996296875 0.7431640625 0.4039113890625
0 0.7763671875 0.39609375 0.7724609375 0.39609375 0.7666015625 0.3856702296875 0.7587890625 0.3856702296875 0.755859375 0.38957905 0.755859375 0.40260844999999995 0.7587890625 0.40651727031249996 0.763671875 0.40782020937499996 0.763671875 0.41563785 0.76171875 0.4182437296875 0.763671875 0.42345548906249997 0.7666015625 0.427364309375 0.771484375 0.42606136875 0.775390625 0.4182437296875 0.783203125 0.41042608906250005 0.783203125 0.40260844999999995 0.7763671875 0.39609375
0 0.7587890625 0.3491879109375 0.7548828125 0.3491879109375 0.74609375 0.3609143703125 0.74609375 0.36873201093749997 0.748046875 0.371337890625 0.748046875 0.3791555296875 0.7509765625 0.38306435 0.7578125 0.3817614109375 0.7607421875 0.3804584703125 0.763671875 0.37394377031250003 0.763671875 0.3557026109375 0.7587890625 0.3491879109375
0 0.7939453125 0.3622173109375 0.7900390625 0.35439967031249997 0.7861328125 0.35439967031249997 0.7822265625 0.35961143125 0.7744140625 0.35961143125 0.7705078125 0.3622173109375 0.765625 0.371337890625 0.7705078125 0.38306435 0.7783203125 0.38306435 0.7861328125 0.377852590625 0.7939453125 0.38306435 0.798828125 0.3817614109375 0.8046875 0.37654964999999996 0.8046875 0.371337890625 0.7998046875 0.364823190625 0.7939453125 0.3622173109375