0 0.224609375 0.3921849296875 0.2197265625 0.3856702296875 0.2138671875 0.3856702296875 0.2060546875 0.390881990625 0.201171875 0.397396690625 0.201171875 0.41042608906250005 0.205078125 0.41563785 0.20703125 0.42345548906249997 0.2119140625 0.427364309375 0.216796875 0.42606136875 0.22265625 0.420849609375 0.22265625 0.40521432968750004 0.224609375 0.40260844999999995 0.224609375 0.3921849296875
0 0.265625 0.40260844999999995 0.265625 0.397396690625 0.2587890625 0.38827611093750003 0.2548828125 0.38827611093750003 0.2470703125 0.3934878703125 0.2412109375 0.38306435 0.2353515625 0.38306435 0.228515625 0.3921849296875 0.228515625 0.40000257031249997 0.232421875 0.40782020937499996 0.228515625 0.4130319703125 0.228515625 0.420849609375 0.2333984375 0.427364309375 0.240234375 0.42606136875 0.244140625 0.420849609375 0.2451171875 0.41172902968749997 0.2587890625 0.41172902968749997 0.265625 0.40260844999999995
0 0.279296875 0.4130319703125 0.2744140625 0.40651727031249996 0.2666015625 0.40651727031249996 0.263671875 0.4130319703125 0.265625 0.4312731296875 0.26171875 0.43909076875 0.2666015625 0.4482113484375 0.275390625 0.4469084078125 0.28125 0.4416966484375 0.28125 0.4364848890625 0.279296875 0.433879009375 0.279296875 0.4130319703125
0 0.2607421875 0.440393709375 0.2548828125 0.440393709375 0.2490234375 0.4299701890625 0.2431640625 0.4299701890625 0.23828125 0.4364848890625 0.23828125 0.44430252968749995 0.24609375 0.45212016874999994 0.24609375 0.4625436875 0.2490234375 0.46645250781250003 0.251953125 0.46514956874999996 0.2607421875 0.46124074843749996 0.265625 0.45212016874999994 0.265625 0.4469084078125 0.2607421875 0.440393709375
0 0.2255859375 0.4377878296875 0.22265625 0.4416966484375 0.22265625 0.4625436875 0.2275390625 0.46905838749999995 0.232421875 0.46775544843750005 0.236328125 0.46514956874999996 0.23828125 0.4469084078125 0.2314453125 0.4377878296875 0.2255859375 0.4377878296875
0 0.216796875 0.4495142890625 0.21875 0.433879009375 0.2138671875 0.427364309375 0.2080078125 0.427364309375 0.2041015625 0.43257606875 0.1982421875 0.4351819484375 0.193359375 0.4416966484375 0.193359375 0.4469084078125 0.1982421875 0.4534231078125 0.2021484375 0.4534231078125 0.205078125 0.457331928125 0.203125 0.45993780781250004 0.2099609375 0.47166426875 0.21484375 0.470361328125 0.2177734375 0.46905838749999995 0.220703125 0.4625436875 0.220703125 0.457331928125 0.216796875 0.4495142890625
0 0.25390625 0.47817896718749997 0.2470703125 0.4742701484375 0.2451171875 0.47687602812499996 0.2412109375 0.47687602812499996 0.2333984375 0.46905838749999995 0.2265625 0.47557308750000005 0.2265625 0.4886024875 0.228515625 0.4912083671875 0.2265625 0.493814246875 0.2265625 0.5016318875 0.2294921875 0.5055407078124999 0.236328125 0.5042377671875 0.2392578125 0.4977230671875 0.2470703125 0.4977230671875 0.25390625 0.4912083671875 0.25390625 0.47817896718749997
0 0.4521484375 0.390881990625 0.4482421875 0.3934878703125 0.447265625 0.40521432968750004 0.455078125 0.41563785 0.453125 0.4182437296875 0.455078125 0.42345548906249997 0.4580078125 0.427364309375 0.46484375 0.42606136875 0.46875 0.420849609375 0.470703125 0.394790809375 0.4677734375 0.390881990625 0.4521484375 0.390881990625
0 0.484375 0.41563785 0.4794921875 0.40912315 0.4755859375 0.40912315 0.46875 0.4182437296875 0.46875 0.42345548906249997 0.470703125 0.42606136875 0.470703125 0.4416966484375 0.4794921875 0.45081722968750004 0.484375 0.4495142890625 0.48828125 0.4469084078125 0.48828125 0.4364848890625 0.484375 0.4312731296875 0.484375 0.41563785
0 0.517578125 0.4312731296875 0.51171875 0.42606136875 0.513671875 0.41042608906250005 0.5107421875 0.40651727031249996 0.5029296875 0.40651727031249996 0.5 0.4130319703125 0.501953125 0.42866725 0.4970703125 0.4299701890625 0.48828125 0.43909076875 0.48828125 0.4495142890625 0.4951171875 0.4560289875 0.4970703125 0.4534231078125 0.5029296875 0.4534231078125 0.5048828125 0.4560289875 0.5078125 0.45472604843750003 0.51171875 0.4495142890625 0.51171875 0.44430252968749995 0.517578125 0.43909076875 0.517578125 0.4312731296875
0 0.49609375 0.3557026109375 0.49609375 0.3478849703125 0.4912109375 0.3413702703125 0.4814453125 0.3387643921875 0.4755859375 0.33355263125 0.4697265625 0.33355263125 0.466796875 0.33746145156249996 0.466796875 0.35309673125 0.4638671875 0.35439967031249997 0.45703125 0.36612613125000004 0.45703125 0.371337890625 0.4599609375 0.3752467109375 0.4638671875 0.377852590625 0.47265625 0.37654964999999996 0.4775390625 0.3674290703125 0.4833984375 0.3622173109375 0.4912109375 0.3622173109375 0.49609375 0.3557026109375
0 0.49609375 0.37654964999999996 0.4931640625 0.3726408296875 0.4775390625 0.3752467109375 0.47265625 0.384367290625 0.47265625 0.38957905 0.4794921875 0.3986996296875 0.4892578125 0.3986996296875 0.4912109375 0.4039113890625 0.5 0.40260844999999995 0.501953125 0.40000257031249997 0.501953125 0.38957905 0.49609375 0.3817614109375 0.49609375 0.37654964999999996
0 0.5205078125 0.3726408296875 0.515625 0.36352025 0.513671875 0.35309673125 0.5068359375 0.3491879109375 0.5 0.3557026109375 0.5 0.37654964999999996 0.505859375 0.384367290625 0.50390625 0.3869731703125 0.50390625 0.394790809375 0.5087890625 0.40130550937500004 0.515625 0.40000257031249997 0.52734375 0.38957905 0.529296875 0.37654964999999996 0.5263671875 0.3726408296875 0.5205078125 0.3726408296875
0 0.716796875 0.40782020937499996 0.7265625 0.40000257031249997 0.7265625 0.3921849296875 0.7216796875 0.3856702296875 0.7177734375 0.3856702296875 0.7138671875 0.3934878703125 0.7021484375 0.390881990625 0.697265625 0.397396690625 0.697265625 0.40260844999999995 0.703125 0.4130319703125 0.701171875 0.4312731296875 0.7080078125 0.4377878296875 0.712890625 0.4364848890625 0.716796875 0.4312731296875 0.716796875 0.42345548906249997 0.71875 0.420849609375 0.716796875 0.40782020937499996
0 0.7490234375 0.3856702296875 0.7353515625 0.38306435 0.728515625 0.3921849296875 0.728515625 0.397396690625 0.736328125 0.40782020937499996 0.7412109375 0.4195466703125 0.748046875 0.4182437296875 0.751953125 0.4130319703125 0.751953125 0.397396690625 0.75390625 0.3921849296875 0.7490234375 0.3856702296875
0 0.78125 0.397396690625 0.7763671875 0.390881990625 0.7685546875 0.3934878703125 0.7607421875 0.3856702296875 0.755859375 0.38957905 0.755859375 0.40521432968750004 0.75390625 0.40782020937499996 0.75390625 0.4130319703125 0.755859375 0.4182437296875 0.7607421875 0.42215255 0.767578125 0.420849609375 0.7744140625 0.41172902968749997 0.7783203125 0.41172902968749997 0.78125 0.40782020937499996 0.78125 0.397396690625
0 0.7744140625 0.4247584296875 0.7646484375 0.4247584296875 0.759765625 0.4312731296875 0.759765625 0.43909076875 0.7666015625 0.4482113484375 0.7724609375 0.4482113484375 0.7763671875 0.4560289875 0.783203125 0.45472604843750003 0.78515625 0.45212016874999994 0.787109375 0.42866725 0.7802734375 0.4195466703125 0.7744140625 0.4247584296875
0 0.7265625 0.457331928125 0.720703125 0.45212016874999994 0.7177734375 0.44299958906250003 0.7119140625 0.440393709375 0.70703125 0.4495142890625 0.70703125 0.457331928125 0.69921875 0.46775544843750005 0.69921875 0.47817896718749997 0.7041015625 0.4820877875 0.7099609375 0.4820877875 0.7138671875 0.487299546875 0.720703125 0.4859966078125 0.72265625 0.483390728125 0.72265625 0.470361328125 0.7265625 0.46775544843750005 0.7265625 0.457331928125
0 0.75390625 0.4469084078125 0.751953125 0.4416966484375 0.7470703125 0.4351819484375 0.7392578125 0.43257606875 0.7353515625 0.427364309375 0.7236328125 0.427364309375 0.71875 0.4364848890625 0.7265625 0.45472604843750003 0.720703125 0.46514956874999996 0.7255859375 0.46645250781250003 0.7275390625 0.46124074843749996 0.7314453125 0.46905838749999995 0.7421875 0.46775544843750005 0.7421875 0.46514956874999996 0.751953125 0.45472604843750003 0.751953125 0.4495142890625 0.75390625 0.4469084078125
0 0.7734375 0.45212016874999994 0.7705078125 0.4482113484375 0.7587890625 0.4482113484375 0.75390625 0.45472604843750003 0.75390625 0.45993780781250004 0.759765625 0.46775544843750005 0.759765625 0.48078484843749997 0.76171875 0.4859966078125 0.7666015625 0.489905428125 0.76953125 0.4886024875 0.775390625 0.483390728125 0.775390625 0.47557308750000005 0.771484375 0.46775544843750005 0.7734375 0.45212016874999994
0 0.763671875 0.4912083671875 0.7548828125 0.48469366718750007 0.7451171875 0.487299546875 0.7373046875 0.4742701484375 0.7333984375 0.4742701484375 0.728515625 0.48078484843749997 0.728515625 0.4859966078125 0.734375 0.493814246875 0.734375 0.5094495265625001 0.7392578125 0.513358346875 0.748046875 0.5120554078125 0.7490234375 0.5055407078124999 0.7607421875 0.5081465875 0.765625 0.5016318875 0.763671875 0.4912083671875