0 0.232421875 0.37654964999999996 0.2158203125 0.3570055515625 0.2119140625 0.3570055515625 0.2060546875 0.3622173109375 0.2021484375 0.35961143125 0.2001953125 0.3622173109375 0.1962890625 0.3622173109375 0.19140625 0.371337890625 0.19140625 0.3791555296875 0.2001953125 0.38827611093750003 0.2060546875 0.38827611093750003 0.2158203125 0.40651727031249996 0.2197265625 0.40912315 0.224609375 0.40782020937499996 0.2275390625 0.40651727031249996 0.234375 0.394790809375 0.234375 0.3817614109375 0.232421875 0.37654964999999996
0 0.275390625 0.3791555296875 0.275390625 0.36352025 0.26953125 0.358308490625 0.26953125 0.3478849703125 0.275390625 0.34006733125 0.275390625 0.32964381249999997 0.2685546875 0.3179173515625 0.2646484375 0.3179173515625 0.2626953125 0.31531147187499997 0.2568359375 0.3179173515625 0.25 0.32703793124999997 0.2490234375 0.3387643921875 0.2412109375 0.3413702703125 0.234375 0.3504908515625 0.236328125 0.36352025 0.248046875 0.37394377031250003 0.2421875 0.384367290625 0.2421875 0.40782020937499996 0.2490234375 0.4195466703125 0.259765625 0.4182437296875 0.271484375 0.40521432968750004 0.2734375 0.40000257031249997 0.2734375 0.3817614109375 0.275390625 0.3791555296875
0 0.296875 0.32964381249999997 0.2919921875 0.32052323125000004 0.2822265625 0.32052323125000004 0.275390625 0.32964381249999997 0.27734375 0.3504908515625 0.2861328125 0.364823190625 0.29296875 0.36352025 0.296875 0.358308490625 0.296875 0.3504908515625 0.294921875 0.3478849703125 0.296875 0.32964381249999997
0 0.5205078125 0.2371350734375 0.5166015625 0.2371350734375 0.5146484375 0.23452919374999998 0.5009765625 0.2371350734375 0.4912109375 0.25016447343750003 0.4873046875 0.25277035468750003 0.4794921875 0.25277035468750003 0.474609375 0.259285053125 0.474609375 0.2697085734375 0.4814453125 0.28143503281250004 0.51171875 0.2801320921875 0.5224609375 0.27361739375 0.53125 0.259285053125 0.529296875 0.24625565468750002 0.5205078125 0.2371350734375
0 0.470703125 0.3504908515625 0.46484375 0.34006733125 0.466796875 0.33746145156249996 0.46484375 0.3166144125 0.4541015625 0.304887953125 0.4462890625 0.304887953125 0.439453125 0.3140085328125 0.439453125 0.32964381249999997 0.44140625 0.3322496921875 0.44140625 0.33746145156249996 0.447265625 0.3452790921875 0.435546875 0.36352025 0.435546875 0.3817614109375 0.4423828125 0.39609375 0.4462890625 0.3986996296875 0.453125 0.397396690625 0.4599609375 0.3934878703125 0.46484375 0.3869731703125 0.46875 0.37654964999999996 0.470703125 0.3504908515625
0 0.47265625 0.40782020937499996 0.4658203125 0.3986996296875 0.4580078125 0.39609375 0.4541015625 0.3986996296875 0.447265625 0.41042608906250005 0.44921875 0.43909076875 0.4521484375 0.44560546875 0.4599609375 0.45081722968750004 0.466796875 0.4495142890625 0.47265625 0.4364848890625 0.474609375 0.41563785 0.47265625 0.4130319703125 0.47265625 0.40782020937499996
0 0.501953125 0.3504908515625 0.4931640625 0.3361585125 0.4892578125 0.33355263125 0.4814453125 0.33355263125 0.47265625 0.34267321093750003 0.474609375 0.37654964999999996 0.4775390625 0.38306435 0.4873046875 0.38306435 0.4892578125 0.3856702296875 0.49609375 0.384367290625 0.501953125 0.37654964999999996 0.501953125 0.36873201093749997 0.5 0.36612613125000004 0.501953125 0.3504908515625
0 0.5283203125 0.3231291125 0.537109375 0.308796771875 0.53515625 0.2931614921875 0.5302734375 0.2866467921875 0.5224609375 0.28143503281250004 0.5087890625 0.28143503281250004 0.5029296875 0.2866467921875 0.4990234375 0.2944644328125 0.4833984375 0.28143503281250004 0.4736328125 0.28143503281250004 0.4697265625 0.28404091249999996 0.46484375 0.2931614921875 0.46484375 0.3114026515625 0.4736328125 0.3231291125 0.4775390625 0.3231291125 0.4794921875 0.3257349921875 0.4951171875 0.3257349921875 0.498046875 0.32964381249999997 0.49609375 0.33485557187500004 0.498046875 0.34267321093750003 0.5068359375 0.351793790625 0.513671875 0.3504908515625 0.5166015625 0.3491879109375 0.521484375 0.34006733125 0.51953125 0.32964381249999997 0.5283203125 0.3231291125
0 0.552734375 0.3322496921875 0.5400390625 0.3257349921875 0.5263671875 0.33094675156250003 0.521484375 0.33746145156249996 0.517578125 0.3504908515625 0.513671875 0.3557026109375 0.513671875 0.36612613125000004 0.5185546875 0.3726408296875 0.5224609375 0.3752467109375 0.53515625 0.37394377031250003 0.5517578125 0.364823190625 0.556640625 0.3478849703125 0.556640625 0.34006733125 0.552734375 0.3322496921875
0 0.572265625 0.36612613125000004 0.572265625 0.358308490625 0.5751953125 0.35439967031249997 0.5810546875 0.35439967031249997 0.583984375 0.3504908515625 0.5859375 0.3452790921875 0.5859375 0.3322496921875 0.583984375 0.32964381249999997 0.583984375 0.321826171875 0.580078125 0.308796771875 0.5693359375 0.2996761921875 0.5634765625 0.2996761921875 0.5615234375 0.302282071875 0.5576171875 0.302282071875 0.55078125 0.3140085328125 0.55078125 0.32964381249999997 0.560546875 0.34267321093750003 0.55078125 0.36873201093749997 0.55078125 0.384367290625 0.552734375 0.3869731703125 0.552734375 0.394790809375 0.5576171875 0.4039113890625 0.5634765625 0.40912315 0.57421875 0.40782020937499996 0.58203125 0.394790809375 0.58203125 0.384367290625 0.578125 0.37394377031250003 0.572265625 0.36612613125000004
0 0.505859375 0.4182437296875 0.5078125 0.41042608906250005 0.5107421875 0.40912315 0.5146484375 0.41172902968749997 0.5234375 0.40260844999999995 0.5234375 0.38957905 0.5126953125 0.377852590625 0.5009765625 0.3804584703125 0.498046875 0.3869731703125 0.5 0.3921849296875 0.4990234375 0.39609375 0.4951171875 0.39609375 0.4873046875 0.40130550937500004 0.4775390625 0.40130550937500004 0.47265625 0.40782020937499996 0.4765625 0.4182437296875 0.474609375 0.43909076875 0.478515625 0.45212016874999994 0.4853515625 0.45863486875000004 0.498046875 0.457331928125 0.505859375 0.4495142890625 0.509765625 0.43909076875 0.509765625 0.42606136875 0.505859375 0.4182437296875
0 0.55078125 0.41042608906250005 0.552734375 0.40782020937499996 0.552734375 0.3921849296875 0.55078125 0.38957905 0.55078125 0.384367290625 0.5419921875 0.3752467109375 0.5341796875 0.3752467109375 0.52734375 0.384367290625 0.52734375 0.3921849296875 0.525390625 0.394790809375 0.52734375 0.397396690625 0.52734375 0.40782020937499996 0.5224609375 0.40912315 0.51171875 0.42345548906249997 0.51171875 0.4364848890625 0.513671875 0.4416966484375 0.5244140625 0.45081722968750004 0.53125 0.4495142890625 0.541015625 0.4364848890625 0.544921875 0.42345548906249997 0.55078125 0.41563785 0.55078125 0.41042608906250005
0 0.5673828125 0.4195466703125 0.5576171875 0.4195466703125 0.5537109375 0.42215255 0.548828125 0.4312731296875 0.546875 0.45212016874999994 0.5498046875 0.4560289875 0.556640625 0.45472604843750003 0.5634765625 0.45081722968750004 0.572265625 0.4364848890625 0.572265625 0.42606136875 0.5673828125 0.4195466703125
0 0.546875 0.45993780781250004 0.5439453125 0.4534231078125 0.5361328125 0.4482113484375 0.5322265625 0.4482113484375 0.5234375 0.457331928125 0.515625 0.47296720781249996 0.515625 0.47817896718749997 0.513671875 0.48078484843749997 0.513671875 0.5016318875 0.5166015625 0.5055407078124999 0.5224609375 0.5055407078124999 0.5244140625 0.5081465875 0.541015625 0.5068436468749999 0.544921875 0.493814246875 0.5390625 0.47557308750000005 0.544921875 0.46775544843750005 0.546875 0.45993780781250004
0 0.55078125 0.40521432968750004 0.548828125 0.4182437296875 0.5546875 0.4182437296875 0.55859375 0.41563785 0.55859375 0.40782020937499996 0.5537109375 0.40130550937500004 0.55078125 0.40521432968750004
0 0.7490234375 0.31531147187499997 0.7548828125 0.31531147187499997 0.7587890625 0.3127055921875 0.763671875 0.30358501250000003 0.763671875 0.29837325312499996 0.759765625 0.28794973281249997 0.75 0.2801320921875 0.751953125 0.272314453125 0.748046875 0.259285053125 0.7412109375 0.25277035468750003 0.7333984375 0.25277035468750003 0.7255859375 0.2579821125 0.720703125 0.26710269375 0.720703125 0.2749203328125 0.7177734375 0.278829153125 0.7099609375 0.28143503281250004 0.7001953125 0.28925267187500003 0.6953125 0.29837325312499996 0.6953125 0.3061908921875 0.7021484375 0.32052323125000004 0.7060546875 0.3231291125 0.71875 0.321826171875 0.7275390625 0.3127055921875 0.7314453125 0.3127055921875 0.7373046875 0.304887953125 0.7490234375 0.31531147187499997
0 0.72265625 0.34006733125 0.7060546875 0.32052323125000004 0.6982421875 0.32052323125000004 0.6943359375 0.3231291125 0.6875 0.3322496921875 0.6875 0.3504908515625 0.693359375 0.36352025 0.7021484375 0.37003495000000003 0.71875 0.36873201093749997 0.7265625 0.3609143703125 0.728515625 0.3504908515625 0.7255859375 0.3491879109375 0.72265625 0.34006733125
0 0.7197265625 0.33355263125 0.716796875 0.33746145156249996 0.720703125 0.3452790921875 0.72265625 0.358308490625 0.7255859375 0.3622173109375 0.7265625 0.3609143703125 0.732421875 0.35309673125 0.732421875 0.34267321093750003 0.7255859375 0.33355263125 0.7197265625 0.33355263125
0 0.7265625 0.3817614109375 0.7265625 0.37394377031250003 0.7216796875 0.3674290703125 0.7177734375 0.3674290703125 0.7158203125 0.37003495000000003 0.7021484375 0.37003495000000003 0.697265625 0.3817614109375 0.69921875 0.384367290625 0.69921875 0.394790809375 0.701171875 0.40000257031249997 0.7080078125 0.40651727031249996 0.716796875 0.40521432968750004 0.7265625 0.394790809375 0.7265625 0.3869731703125 0.728515625 0.384367290625 0.7265625 0.3817614109375
0 0.720703125 0.42345548906249997 0.7099609375 0.40651727031249996 0.6982421875 0.40651727031249996 0.6953125 0.41042608906250005 0.6953125 0.42606136875 0.703125 0.4364848890625 0.703125 0.4469084078125 0.7080078125 0.4534231078125 0.7119140625 0.4560289875 0.71484375 0.45472604843750003 0.72265625 0.4469084078125 0.72265625 0.4312731296875 0.720703125 0.42866725 0.720703125 0.42345548906249997
0 0.7333984375 0.4299701890625 0.7236328125 0.4299701890625 0.720703125 0.433879009375 0.720703125 0.4495142890625 0.72265625 0.45472604843750003 0.7294921875 0.46384662812500005 0.740234375 0.4625436875 0.7421875 0.457331928125 0.7421875 0.4469084078125 0.73828125 0.4364848890625 0.7333984375 0.4299701890625
0 0.76171875 0.384367290625 0.75390625 0.37394377031250003 0.7578125 0.36612613125000004 0.7578125 0.3504908515625 0.7509765625 0.3439761515625 0.7412109375 0.3439761515625 0.7373046875 0.34658203125 0.73046875 0.358308490625 0.73046875 0.37394377031250003 0.728515625 0.3791555296875 0.732421875 0.38957905 0.7265625 0.40000257031249997 0.7265625 0.41563785 0.728515625 0.4182437296875 0.728515625 0.42345548906249997 0.7333984375 0.4299701890625 0.74609375 0.42866725 0.75390625 0.41563785 0.75390625 0.40521432968750004 0.76171875 0.394790809375 0.76171875 0.384367290625
0 0.794921875 0.42866725 0.794921875 0.41563785 0.7880859375 0.4039113890625 0.7783203125 0.4039113890625 0.7626953125 0.41172902968749997 0.75390625 0.420849609375 0.75 0.4312731296875 0.75 0.44430252968749995 0.7548828125 0.45081722968750004 0.7587890625 0.4534231078125 0.771484375 0.45212016874999994 0.779296875 0.44430252968749995 0.7822265625 0.4351819484375 0.7900390625 0.4351819484375 0.794921875 0.42866725
0 0.826171875 0.40260844999999995 0.8193359375 0.390881990625 0.8134765625 0.38827611093750003 0.8115234375 0.390881990625 0.8076171875 0.390881990625 0.802734375 0.40000257031249997 0.802734375 0.40521432968750004 0.806640625 0.41563785 0.806640625 0.420849609375 0.802734375 0.42606136875 0.802734375 0.43909076875 0.8095703125 0.45081722968750004 0.818359375 0.4495142890625 0.82421875 0.4416966484375 0.82421875 0.4364848890625 0.826171875 0.433879009375 0.826171875 0.40260844999999995
0 0.810546875 0.384367290625 0.810546875 0.36873201093749997 0.8056640625 0.3622173109375 0.8017578125 0.3622173109375 0.7998046875 0.35961143125 0.7958984375 0.35961143125 0.7861328125 0.3674290703125 0.7822265625 0.3674290703125 0.7783203125 0.3622173109375 0.7744140625 0.3622173109375 0.7724609375 0.35961143125 0.7685546875 0.3622173109375 0.763671875 0.36873201093749997 0.763671875 0.37394377031250003 0.76171875 0.37654964999999996 0.763671875 0.3791555296875 0.763671875 0.384367290625 0.7705078125 0.3934878703125 0.7783203125 0.3986996296875 0.7822265625 0.3986996296875 0.7841796875 0.40130550937500004 0.7890625 0.40000257031249997 0.7919921875 0.39609375 0.8017578125 0.39609375 0.80859375 0.38957905 0.810546875 0.384367290625
0 0.783203125 0.3192202921875 0.7744140625 0.3074938328125 0.7646484375 0.304887953125 0.7578125 0.3140085328125 0.759765625 0.3504908515625 0.7666015625 0.35961143125 0.775390625 0.358308490625 0.78515625 0.3478849703125 0.78515625 0.32703793124999997 0.783203125 0.3244320515625 0.783203125 0.3192202921875
0 0.810546875 0.30358501250000003 0.80859375 0.29837325312499996 0.8056640625 0.2944644328125 0.7939453125 0.2944644328125 0.787109375 0.3009791328125 0.783203125 0.3114026515625 0.783203125 0.321826171875 0.787109375 0.32964381249999997 0.7890625 0.3504908515625 0.8076171875 0.364823190625 0.81640625 0.36352025 0.82421875 0.3504908515625 0.822265625 0.33485557187500004 0.810546875 0.321826171875 0.810546875 0.30358501250000003