0 0.287109375 0.4182437296875 0.2890625 0.41563785 0.2861328125 0.40912315 0.2763671875 0.40912315 0.2705078125 0.3986996296875 0.2626953125 0.3986996296875 0.259765625 0.40260844999999995 0.259765625 0.4130319703125 0.265625 0.420849609375 0.265625 0.42606136875 0.259765625 0.43909076875 0.259765625 0.44430252968749995 0.2666015625 0.4560289875 0.2734375 0.45472604843750003 0.279296875 0.44430252968749995 0.27734375 0.433879009375 0.287109375 0.42345548906249997 0.287109375 0.4182437296875
0 0.267578125 0.41042608906250005 0.267578125 0.41563785 0.275390625 0.41563785 0.287109375 0.4130319703125 0.2802734375 0.40651727031249996 0.2705078125 0.4039113890625 0.267578125 0.41042608906250005
0 0.2919921875 0.38306435 0.2880859375 0.3752467109375 0.2802734375 0.3752467109375 0.275390625 0.3817614109375 0.275390625 0.38957905 0.2880859375 0.40912315 0.296875 0.40782020937499996 0.298828125 0.40521432968750004 0.30078125 0.3869731703125 0.2978515625 0.38306435 0.2919921875 0.38306435
0 0.3046875 0.42606136875 0.2998046875 0.4195466703125 0.2939453125 0.4195466703125 0.2890625 0.42345548906249997 0.2890625 0.4495142890625 0.2919921875 0.4534231078125 0.30078125 0.45212016874999994 0.3076171875 0.4482113484375 0.310546875 0.43909076875 0.3046875 0.4312731296875 0.3046875 0.42606136875
0 0.529296875 0.394790809375 0.533203125 0.394790809375 0.537109375 0.384367290625 0.5341796875 0.3804584703125 0.529296875 0.384367290625 0.529296875 0.394790809375
0 0.5302734375 0.40912315 0.5244140625 0.40912315 0.51953125 0.40521432968750004 0.5234375 0.394790809375 0.521484375 0.384367290625 0.5185546875 0.3804584703125 0.5107421875 0.3804584703125 0.50390625 0.38957905 0.5078125 0.40000257031249997 0.5078125 0.40521432968750004 0.501953125 0.4130319703125 0.501953125 0.42606136875 0.5048828125 0.4299701890625 0.5126953125 0.4299701890625 0.5146484375 0.427364309375 0.5185546875 0.427364309375 0.5205078125 0.4299701890625 0.533203125 0.42866725 0.533203125 0.42345548906249997 0.53515625 0.420849609375 0.533203125 0.4130319703125 0.5302734375 0.40912315
0 0.548828125 0.42866725 0.5458984375 0.4247584296875 0.5361328125 0.4247584296875 0.529296875 0.43909076875 0.529296875 0.44430252968749995 0.5400390625 0.4560289875 0.546875 0.45472604843750003 0.548828125 0.45212016874999994 0.546875 0.4469084078125 0.548828125 0.4416966484375 0.548828125 0.42866725
0 0.55078125 0.371337890625 0.552734375 0.36612613125000004 0.548828125 0.358308490625 0.548828125 0.3504908515625 0.5458984375 0.3439761515625 0.5361328125 0.3413702703125 0.5283203125 0.3570055515625 0.5244140625 0.3570055515625 0.517578125 0.36352025 0.515625 0.37394377031250003 0.5205078125 0.3804584703125 0.529296875 0.3791555296875 0.5341796875 0.3726408296875 0.5419921875 0.3726408296875 0.5458984375 0.3752467109375 0.55078125 0.371337890625
0 0.552734375 0.3817614109375 0.5478515625 0.3752467109375 0.5419921875 0.3752467109375 0.5380859375 0.3804584703125 0.5341796875 0.3804584703125 0.52734375 0.3869731703125 0.52734375 0.3921849296875 0.533203125 0.40000257031249997 0.533203125 0.41042608906250005 0.5400390625 0.4169407890625 0.54296875 0.41563785 0.548828125 0.41042608906250005 0.546875 0.40260844999999995 0.552734375 0.394790809375 0.552734375 0.3817614109375
0 0.5576171875 0.3856702296875 0.5546875 0.38957905 0.552734375 0.394790809375 0.5546875 0.40000257031249997 0.546875 0.4130319703125 0.5498046875 0.42215255 0.5537109375 0.4247584296875 0.560546875 0.42345548906249997 0.572265625 0.40260844999999995 0.572265625 0.397396690625 0.5654296875 0.3856702296875 0.5576171875 0.3856702296875
0 0.7578125 0.3791555296875 0.7490234375 0.3726408296875 0.740234375 0.3817614109375 0.73828125 0.394790809375 0.744140625 0.40000257031249997 0.74609375 0.4130319703125 0.7509765625 0.4195466703125 0.7578125 0.4182437296875 0.759765625 0.4130319703125 0.759765625 0.40260844999999995 0.755859375 0.397396690625 0.7578125 0.3791555296875
0 0.7587890625 0.4195466703125 0.75 0.4312731296875 0.75 0.4364848890625 0.75390625 0.4469084078125 0.7587890625 0.4534231078125 0.765625 0.45212016874999994 0.76953125 0.4469084078125 0.767578125 0.42345548906249997 0.7646484375 0.4195466703125 0.7587890625 0.4195466703125
0 0.791015625 0.36873201093749997 0.791015625 0.36352025 0.7861328125 0.3570055515625 0.7783203125 0.3570055515625 0.7744140625 0.35961143125 0.771484375 0.36352025 0.7705078125 0.37003495000000003 0.7646484375 0.37003495000000003 0.759765625 0.37654964999999996 0.759765625 0.3817614109375 0.76953125 0.3921849296875 0.76953125 0.397396690625 0.7724609375 0.40130550937500004 0.77734375 0.40000257031249997 0.78125 0.394790809375 0.779296875 0.3817614109375 0.7861328125 0.377852590625 0.791015625 0.36873201093749997
0 0.7919921875 0.41172902968749997 0.7841796875 0.40651727031249996 0.7763671875 0.40651727031249996 0.7734375 0.41042608906250005 0.7734375 0.42345548906249997 0.775390625 0.42606136875 0.7734375 0.4364848890625 0.7783203125 0.44560546875 0.78515625 0.44430252968749995 0.7890625 0.43909076875 0.7890625 0.433879009375 0.796875 0.4182437296875 0.7919921875 0.41172902968749997
0 0.0400390625 0.39609375 0.037109375 0.40260844999999995 0.037109375 0.41042608906250005 0.03125 0.4182437296875 0.03125 0.42606136875 0.037109375 0.4312731296875 0.0341796875 0.4351819484375 0.0244140625 0.4351819484375 0.01953125 0.4416966484375 0.01953125 0.45212016874999994 0.0244140625 0.4560289875 0.0302734375 0.4560289875 0.03125 0.45993780781250004 0.033203125 0.45993780781250004 0.052734375 0.40782020937499996 0.052734375 0.40260844999999995 0.0478515625 0.39609375 0.0400390625 0.39609375